65 97.1 10
75 97.1 10
85 97.1 10
95 97.1 10
105 97.1 10
115 97.1 10
125 97.1 10
135 97.1 10
145 97.1 10
155 97.1 10
165 97.1 10
175 97.1 10
185 97.1 10
195 97.1 10
205 97.1 10
215 97.1 10
70 106 10
80 106 10
90 106 10
100 106 10
110 106 10
120 106 10
130 106 10
140 106 10
150 106 10
160 106 10
170 106 10
180 106 10
190 106 10
200 106 10
210 106 10
75 74 18.2
85 74 18.2
95 74 18.2
105 74 18.2
115 74 18.2
125 74 18.2
135 74 18.2
145 74 18.2
155 74 18.2
165 74 18.2
175 74 18.2
185 74 18.2
195 74 18.2
205 74 18.2
60 82.7 18.2
70 82.7 18.2
80 82.7 18.2
90 82.7 18.2
100 82.7 18.2
110 82.7 18.2
120 82.7 18.2
130 82.7 18.2
140 82.7 18.2
150 82.7 18.2
160 82.7 18.2
170 82.7 18.2
180 82.7 18.2
190 82.7 18.2
200 82.7 18.2
210 82.7 18.2
220 82.7 18.2
55 91.3 18.2
65 91.3 18.2
75 91.3 18.2
85 91.3 18.2
95 91.3 18.2
105 91.3 18.2
115 91.3 18.2
125 91.3 18.2
135 91.3 18.2
145 91.3 18.2
155 91.3 18.2
165 91.3 18.2
175 91.3 18.2
185 91.3 18.2
195 91.3 18.2
205 91.3 18.2
215 91.3 18.2
225 91.3 18.2
50 100 18.2
60 100 18.2
70 100 18.2
80 100 18.2
90 100 18.2
100 100 18.2
110 100 18.2
120 100 18.2
130 100 18.2
140 100 18.2
150 100 18.2
160 100 18.2
170 100 18.2
180 100 18.2
190 100 18.2
200 100 18.2
210 100 18.2
220 100 18.2
230 100 18.2
55 109 18.2
65 109 18.2
75 109 18.2
85 109 18.2
95 109 18.2
105 109 18.2
115 109 18.2
125 109 18.2
135 109 18.2
145 109 18.2
155 109 18.2
165 109 18.2
175 109 18.2
185 109 18.2
195 109 18.2
205 109 18.2
215 109 18.2
225 109 18.2
60 117 18.2
70 117 18.2
80 117 18.2
90 117 18.2
100 117 18.2
110 117 18.2
120 117 18.2
130 117 18.2
140 117 18.2
150 117 18.2
160 117 18.2
170 117 18.2
180 117 18.2
190 117 18.2
200 117 18.2
210 117 18.2
220 117 18.2
75 126 18.2
85 126 18.2
95 126 18.2
105 126 18.2
115 126 18.2
125 126 18.2
135 126 18.2
145 126 18.2
155 126 18.2
165 126 18.2
175 126 18.2
185 126 18.2
195 126 18.2
205 126 18.2
60 71.1 26.3
70 71.1 26.3
80 71.1 26.3
90 71.1 26.3
100 71.1 26.3
110 71.1 26.3
120 71.1 26.3
130 71.1 26.3
140 71.1 26.3
150 71.1 26.3
160 71.1 26.3
170 71.1 26.3
180 71.1 26.3
190 71.1 26.3
200 71.1 26.3
210 71.1 26.3
220 71.1 26.3
45 79.8 26.3
55 79.8 26.3
65 79.8 26.3
75 79.8 26.3
85 79.8 26.3
95 79.8 26.3
105 79.8 26.3
115 79.8 26.3
125 79.8 26.3
135 79.8 26.3
145 79.8 26.3
155 79.8 26.3
165 79.8 26.3
175 79.8 26.3
185 79.8 26.3
195 79.8 26.3
205 79.8 26.3
215 79.8 26.3
225 79.8 26.3
235 79.8 26.3
40 88.5 26.3
50 88.5 26.3
60 88.5 26.3
70 88.5 26.3
80 88.5 26.3
90 88.5 26.3
100 88.5 26.3
110 88.5 26.3
120 88.5 26.3
130 88.5 26.3
140 88.5 26.3
150 88.5 26.3
160 88.5 26.3
170 88.5 26.3
180 88.5 26.3
190 88.5 26.3
200 88.5 26.3
210 88.5 26.3
220 88.5 26.3
230 88.5 26.3
240 88.5 26.3
45 97.1 26.3
55 97.1 26.3
65 97.1 26.3
75 97.1 26.3
85 97.1 26.3
95 97.1 26.3
105 97.1 26.3
115 97.1 26.3
125 97.1 26.3
135 97.1 26.3
145 97.1 26.3
155 97.1 26.3
165 97.1 26.3
175 97.1 26.3
185 97.1 26.3
195 97.1 26.3
205 97.1 26.3
215 97.1 26.3
225 97.1 26.3
235 97.1 26.3
40 106 26.3
50 106 26.3
60 106 26.3
70 106 26.3
80 106 26.3
90 106 26.3
100 106 26.3
110 106 26.3
120 106 26.3
130 106 26.3
140 106 26.3
150 106 26.3
160 106 26.3
170 106 26.3
180 106 26.3
190 106 26.3
200 106 26.3
210 106 26.3
220 106 26.3
230 106 26.3
240 106 26.3
45 114 26.3
55 114 26.3
65 114 26.3
75 114 26.3
85 114 26.3
95 114 26.3
105 114 26.3
115 114 26.3
125 114 26.3
135 114 26.3
145 114 26.3
155 114 26.3
165 114 26.3
175 114 26.3
185 114 26.3
195 114 26.3
205 114 26.3
215 114 26.3
225 114 26.3
235 114 26.3
50 123 26.3
60 123 26.3
70 123 26.3
80 123 26.3
90 123 26.3
100 123 26.3
110 123 26.3
120 123 26.3
130 123 26.3
140 123 26.3
150 123 26.3
160 123 26.3
170 123 26.3
180 123 26.3
190 123 26.3
200 123 26.3
210 123 26.3
220 123 26.3
230 123 26.3
65 132 26.3
75 132 26.3
85 132 26.3
95 132 26.3
105 132 26.3
115 132 26.3
125 132 26.3
135 132 26.3
145 132 26.3
155 132 26.3
165 132 26.3
175 132 26.3
185 132 26.3
195 132 26.3
205 132 26.3
215 132 26.3
60 65.4 34.5
70 65.4 34.5
80 65.4 34.5
90 65.4 34.5
100 65.4 34.5
110 65.4 34.5
120 65.4 34.5
130 65.4 34.5
140 65.4 34.5
150 65.4 34.5
160 65.4 34.5
170 65.4 34.5
180 65.4 34.5
190 65.4 34.5
200 65.4 34.5
210 65.4 34.5
220 65.4 34.5
45 74 34.5
55 74 34.5
65 74 34.5
75 74 34.5
85 74 34.5
95 74 34.5
105 74 34.5
115 74 34.5
125 74 34.5
135 74 34.5
145 74 34.5
155 74 34.5
165 74 34.5
175 74 34.5
185 74 34.5
195 74 34.5
205 74 34.5
215 74 34.5
225 74 34.5
235 74 34.5
40 82.7 34.5
50 82.7 34.5
60 82.7 34.5
70 82.7 34.5
80 82.7 34.5
90 82.7 34.5
100 82.7 34.5
110 82.7 34.5
120 82.7 34.5
130 82.7 34.5
140 82.7 34.5
150 82.7 34.5
160 82.7 34.5
170 82.7 34.5
180 82.7 34.5
190 82.7 34.5
200 82.7 34.5
210 82.7 34.5
220 82.7 34.5
230 82.7 34.5
240 82.7 34.5
35 91.3 34.5
45 91.3 34.5
55 91.3 34.5
65 91.3 34.5
75 91.3 34.5
85 91.3 34.5
95 91.3 34.5
105 91.3 34.5
115 91.3 34.5
125 91.3 34.5
135 91.3 34.5
145 91.3 34.5
155 91.3 34.5
165 91.3 34.5
175 91.3 34.5
185 91.3 34.5
195 91.3 34.5
205 91.3 34.5
215 91.3 34.5
225 91.3 34.5
235 91.3 34.5
245 91.3 34.5
40 100 34.5
50 100 34.5
60 100 34.5
70 100 34.5
80 100 34.5
90 100 34.5
100 100 34.5
110 100 34.5
120 100 34.5
130 100 34.5
140 100 34.5
150 100 34.5
160 100 34.5
170 100 34.5
180 100 34.5
190 100 34.5
200 100 34.5
210 100 34.5
220 100 34.5
230 100 34.5
240 100 34.5
35 109 34.5
45 109 34.5
55 109 34.5
65 109 34.5
75 109 34.5
85 109 34.5
95 109 34.5
105 109 34.5
115 109 34.5
125 109 34.5
135 109 34.5
145 109 34.5
155 109 34.5
165 109 34.5
175 109 34.5
185 109 34.5
195 109 34.5
205 109 34.5
215 109 34.5
225 109 34.5
235 109 34.5
245 109 34.5
40 117 34.5
50 117 34.5
60 117 34.5
70 117 34.5
80 117 34.5
90 117 34.5
100 117 34.5
110 117 34.5
120 117 34.5
130 117 34.5
140 117 34.5
150 117 34.5
160 117 34.5
170 117 34.5
180 117 34.5
190 117 34.5
200 117 34.5
210 117 34.5
220 117 34.5
230 117 34.5
240 117 34.5
45 126 34.5
55 126 34.5
65 126 34.5
75 126 34.5
85 126 34.5
95 126 34.5
105 126 34.5
115 126 34.5
125 126 34.5
135 126 34.5
145 126 34.5
155 126 34.5
165 126 34.5
175 126 34.5
185 126 34.5
195 126 34.5
205 126 34.5
215 126 34.5
225 126 34.5
235 126 34.5
60 135 34.5
70 135 34.5
80 135 34.5
90 135 34.5
100 135 34.5
110 135 34.5
120 135 34.5
130 135 34.5
140 135 34.5
150 135 34.5
160 135 34.5
170 135 34.5
180 135 34.5
190 135 34.5
200 135 34.5
210 135 34.5
220 135 34.5
55 62.5 42.7
65 62.5 42.7
75 62.5 42.7
85 62.5 42.7
95 62.5 42.7
105 62.5 42.7
115 62.5 42.7
125 62.5 42.7
135 62.5 42.7
145 62.5 42.7
155 62.5 42.7
165 62.5 42.7
175 62.5 42.7
185 62.5 42.7
195 62.5 42.7
205 62.5 42.7
215 62.5 42.7
225 62.5 42.7
50 71.1 42.7
60 71.1 42.7
70 71.1 42.7
80 71.1 42.7
90 71.1 42.7
100 71.1 42.7
110 71.1 42.7
120 71.1 42.7
130 71.1 42.7
140 71.1 42.7
150 71.1 42.7
160 71.1 42.7
170 71.1 42.7
180 71.1 42.7
190 71.1 42.7
200 71.1 42.7
210 71.1 42.7
220 71.1 42.7
230 71.1 42.7
35 79.8 42.7
45 79.8 42.7
55 79.8 42.7
65 79.8 42.7
75 79.8 42.7
85 79.8 42.7
95 79.8 42.7
105 79.8 42.7
115 79.8 42.7
125 79.8 42.7
135 79.8 42.7
145 79.8 42.7
155 79.8 42.7
165 79.8 42.7
175 79.8 42.7
185 79.8 42.7
195 79.8 42.7
205 79.8 42.7
215 79.8 42.7
225 79.8 42.7
235 79.8 42.7
245 79.8 42.7
40 88.5 42.7
50 88.5 42.7
60 88.5 42.7
70 88.5 42.7
80 88.5 42.7
90 88.5 42.7
100 88.5 42.7
110 88.5 42.7
120 88.5 42.7
130 88.5 42.7
140 88.5 42.7
150 88.5 42.7
160 88.5 42.7
170 88.5 42.7
180 88.5 42.7
190 88.5 42.7
200 88.5 42.7
210 88.5 42.7
220 88.5 42.7
230 88.5 42.7
240 88.5 42.7
35 97.1 42.7
45 97.1 42.7
55 97.1 42.7
65 97.1 42.7
75 97.1 42.7
85 97.1 42.7
95 97.1 42.7
105 97.1 42.7
115 97.1 42.7
125 97.1 42.7
135 97.1 42.7
145 97.1 42.7
155 97.1 42.7
165 97.1 42.7
175 97.1 42.7
185 97.1 42.7
195 97.1 42.7
205 97.1 42.7
215 97.1 42.7
225 97.1 42.7
235 97.1 42.7
245 97.1 42.7
30 106 42.7
40 106 42.7
50 106 42.7
60 106 42.7
70 106 42.7
80 106 42.7
90 106 42.7
100 106 42.7
110 106 42.7
120 106 42.7
130 106 42.7
140 106 42.7
150 106 42.7
160 106 42.7
170 106 42.7
180 106 42.7
190 106 42.7
200 106 42.7
210 106 42.7
220 106 42.7
230 106 42.7
240 106 42.7
250 106 42.7
35 114 42.7
45 114 42.7
55 114 42.7
65 114 42.7
75 114 42.7
85 114 42.7
95 114 42.7
105 114 42.7
115 114 42.7
125 114 42.7
135 114 42.7
145 114 42.7
155 114 42.7
165 114 42.7
175 114 42.7
185 114 42.7
195 114 42.7
205 114 42.7
215 114 42.7
225 114 42.7
235 114 42.7
245 114 42.7
40 123 42.7
50 123 42.7
60 123 42.7
70 123 42.7
80 123 42.7
90 123 42.7
100 123 42.7
110 123 42.7
120 123 42.7
130 123 42.7
140 123 42.7
150 123 42.7
160 123 42.7
170 123 42.7
180 123 42.7
190 123 42.7
200 123 42.7
210 123 42.7
220 123 42.7
230 123 42.7
240 123 42.7
45 132 42.7
55 132 42.7
65 132 42.7
75 132 42.7
85 132 42.7
95 132 42.7
105 132 42.7
115 132 42.7
125 132 42.7
135 132 42.7
145 132 42.7
155 132 42.7
165 132 42.7
175 132 42.7
185 132 42.7
195 132 42.7
205 132 42.7
215 132 42.7
225 132 42.7
235 132 42.7
70 140 42.7
80 140 42.7
90 140 42.7
100 140 42.7
110 140 42.7
120 140 42.7
130 140 42.7
140 140 42.7
150 140 42.7
160 140 42.7
170 140 42.7
180 140 42.7
190 140 42.7
200 140 42.7
210 140 42.7
50 65.4 50.8
60 65.4 50.8
70 65.4 50.8
80 65.4 50.8
90 65.4 50.8
100 65.4 50.8
110 65.4 50.8
120 65.4 50.8
130 65.4 50.8
140 65.4 50.8
150 65.4 50.8
160 65.4 50.8
170 65.4 50.8
180 65.4 50.8
190 65.4 50.8
200 65.4 50.8
210 65.4 50.8
220 65.4 50.8
230 65.4 50.8
45 74 50.8
55 74 50.8
65 74 50.8
75 74 50.8
85 74 50.8
95 74 50.8
105 74 50.8
115 74 50.8
125 74 50.8
135 74 50.8
145 74 50.8
155 74 50.8
165 74 50.8
175 74 50.8
185 74 50.8
195 74 50.8
205 74 50.8
215 74 50.8
225 74 50.8
235 74 50.8
40 82.7 50.8
50 82.7 50.8
60 82.7 50.8
70 82.7 50.8
80 82.7 50.8
90 82.7 50.8
100 82.7 50.8
110 82.7 50.8
120 82.7 50.8
130 82.7 50.8
140 82.7 50.8
150 82.7 50.8
160 82.7 50.8
170 82.7 50.8
180 82.7 50.8
190 82.7 50.8
200 82.7 50.8
210 82.7 50.8
220 82.7 50.8
230 82.7 50.8
240 82.7 50.8
35 91.3 50.8
45 91.3 50.8
55 91.3 50.8
65 91.3 50.8
75 91.3 50.8
85 91.3 50.8
95 91.3 50.8
105 91.3 50.8
115 91.3 50.8
125 91.3 50.8
135 91.3 50.8
145 91.3 50.8
155 91.3 50.8
165 91.3 50.8
175 91.3 50.8
185 91.3 50.8
195 91.3 50.8
205 91.3 50.8
215 91.3 50.8
225 91.3 50.8
235 91.3 50.8
245 91.3 50.8
30 100 50.8
40 100 50.8
50 100 50.8
60 100 50.8
70 100 50.8
80 100 50.8
90 100 50.8
100 100 50.8
110 100 50.8
120 100 50.8
130 100 50.8
140 100 50.8
150 100 50.8
160 100 50.8
170 100 50.8
180 100 50.8
190 100 50.8
200 100 50.8
210 100 50.8
220 100 50.8
230 100 50.8
240 100 50.8
250 100 50.8
35 109 50.8
45 109 50.8
55 109 50.8
65 109 50.8
75 109 50.8
85 109 50.8
95 109 50.8
105 109 50.8
115 109 50.8
125 109 50.8
135 109 50.8
145 109 50.8
155 109 50.8
165 109 50.8
175 109 50.8
185 109 50.8
195 109 50.8
205 109 50.8
215 109 50.8
225 109 50.8
235 109 50.8
245 109 50.8
40 117 50.8
50 117 50.8
60 117 50.8
70 117 50.8
80 117 50.8
90 117 50.8
100 117 50.8
110 117 50.8
120 117 50.8
130 117 50.8
140 117 50.8
150 117 50.8
160 117 50.8
170 117 50.8
180 117 50.8
190 117 50.8
200 117 50.8
210 117 50.8
220 117 50.8
230 117 50.8
240 117 50.8
45 126 50.8
55 126 50.8
65 126 50.8
75 126 50.8
85 126 50.8
95 126 50.8
105 126 50.8
115 126 50.8
125 126 50.8
135 126 50.8
145 126 50.8
155 126 50.8
165 126 50.8
175 126 50.8
185 126 50.8
195 126 50.8
205 126 50.8
215 126 50.8
225 126 50.8
235 126 50.8
50 135 50.8
60 135 50.8
70 135 50.8
80 135 50.8
90 135 50.8
100 135 50.8
110 135 50.8
120 135 50.8
130 135 50.8
140 135 50.8
150 135 50.8
160 135 50.8
170 135 50.8
180 135 50.8
190 135 50.8
200 135 50.8
210 135 50.8
220 135 50.8
230 135 50.8
55 62.5 59
65 62.5 59
75 62.5 59
85 62.5 59
95 62.5 59
105 62.5 59
115 62.5 59
125 62.5 59
135 62.5 59
145 62.5 59
155 62.5 59
165 62.5 59
175 62.5 59
185 62.5 59
195 62.5 59
205 62.5 59
215 62.5 59
225 62.5 59
50 71.1 59
60 71.1 59
70 71.1 59
80 71.1 59
90 71.1 59
100 71.1 59
110 71.1 59
120 71.1 59
130 71.1 59
140 71.1 59
150 71.1 59
160 71.1 59
170 71.1 59
180 71.1 59
190 71.1 59
200 71.1 59
210 71.1 59
220 71.1 59
230 71.1 59
35 79.8 59
45 79.8 59
55 79.8 59
65 79.8 59
75 79.8 59
85 79.8 59
95 79.8 59
105 79.8 59
115 79.8 59
125 79.8 59
135 79.8 59
145 79.8 59
155 79.8 59
165 79.8 59
175 79.8 59
185 79.8 59
195 79.8 59
205 79.8 59
215 79.8 59
225 79.8 59
235 79.8 59
245 79.8 59
40 88.5 59
50 88.5 59
60 88.5 59
70 88.5 59
80 88.5 59
90 88.5 59
100 88.5 59
110 88.5 59
120 88.5 59
130 88.5 59
140 88.5 59
150 88.5 59
160 88.5 59
170 88.5 59
180 88.5 59
190 88.5 59
200 88.5 59
210 88.5 59
220 88.5 59
230 88.5 59
240 88.5 59
35 97.1 59
45 97.1 59
55 97.1 59
65 97.1 59
75 97.1 59
85 97.1 59
95 97.1 59
105 97.1 59
115 97.1 59
125 97.1 59
135 97.1 59
145 97.1 59
155 97.1 59
165 97.1 59
175 97.1 59
185 97.1 59
195 97.1 59
205 97.1 59
215 97.1 59
225 97.1 59
235 97.1 59
245 97.1 59
30 106 59
40 106 59
50 106 59
60 106 59
70 106 59
80 106 59
90 106 59
100 106 59
110 106 59
120 106 59
130 106 59
140 106 59
150 106 59
160 106 59
170 106 59
180 106 59
190 106 59
200 106 59
210 106 59
220 106 59
230 106 59
240 106 59
250 106 59
35 114 59
45 114 59
55 114 59
65 114 59
75 114 59
85 114 59
95 114 59
105 114 59
115 114 59
125 114 59
135 114 59
145 114 59
155 114 59
165 114 59
175 114 59
185 114 59
195 114 59
205 114 59
215 114 59
225 114 59
235 114 59
245 114 59
40 123 59
50 123 59
60 123 59
70 123 59
80 123 59
90 123 59
100 123 59
110 123 59
120 123 59
130 123 59
140 123 59
150 123 59
160 123 59
170 123 59
180 123 59
190 123 59
200 123 59
210 123 59
220 123 59
230 123 59
240 123 59
45 132 59
55 132 59
65 132 59
75 132 59
85 132 59
95 132 59
105 132 59
115 132 59
125 132 59
135 132 59
145 132 59
155 132 59
165 132 59
175 132 59
185 132 59
195 132 59
205 132 59
215 132 59
225 132 59
235 132 59
70 140 59
80 140 59
90 140 59
100 140 59
110 140 59
120 140 59
130 140 59
140 140 59
150 140 59
160 140 59
170 140 59
180 140 59
190 140 59
200 140 59
210 140 59
60 65.4 67.2
70 65.4 67.2
80 65.4 67.2
90 65.4 67.2
100 65.4 67.2
110 65.4 67.2
120 65.4 67.2
130 65.4 67.2
140 65.4 67.2
150 65.4 67.2
160 65.4 67.2
170 65.4 67.2
180 65.4 67.2
190 65.4 67.2
200 65.4 67.2
210 65.4 67.2
220 65.4 67.2
45 74 67.2
55 74 67.2
65 74 67.2
75 74 67.2
85 74 67.2
95 74 67.2
105 74 67.2
115 74 67.2
125 74 67.2
135 74 67.2
145 74 67.2
155 74 67.2
165 74 67.2
175 74 67.2
185 74 67.2
195 74 67.2
205 74 67.2
215 74 67.2
225 74 67.2
235 74 67.2
40 82.7 67.2
50 82.7 67.2
60 82.7 67.2
70 82.7 67.2
80 82.7 67.2
90 82.7 67.2
100 82.7 67.2
110 82.7 67.2
120 82.7 67.2
130 82.7 67.2
140 82.7 67.2
150 82.7 67.2
160 82.7 67.2
170 82.7 67.2
180 82.7 67.2
190 82.7 67.2
200 82.7 67.2
210 82.7 67.2
220 82.7 67.2
230 82.7 67.2
240 82.7 67.2
35 91.3 67.2
45 91.3 67.2
55 91.3 67.2
65 91.3 67.2
75 91.3 67.2
85 91.3 67.2
95 91.3 67.2
105 91.3 67.2
115 91.3 67.2
125 91.3 67.2
135 91.3 67.2
145 91.3 67.2
155 91.3 67.2
165 91.3 67.2
175 91.3 67.2
185 91.3 67.2
195 91.3 67.2
205 91.3 67.2
215 91.3 67.2
225 91.3 67.2
235 91.3 67.2
245 91.3 67.2
40 100 67.2
50 100 67.2
60 100 67.2
70 100 67.2
80 100 67.2
90 100 67.2
100 100 67.2
110 100 67.2
120 100 67.2
130 100 67.2
140 100 67.2
150 100 67.2
160 100 67.2
170 100 67.2
180 100 67.2
190 100 67.2
200 100 67.2
210 100 67.2
220 100 67.2
230 100 67.2
240 100 67.2
35 109 67.2
45 109 67.2
55 109 67.2
65 109 67.2
75 109 67.2
85 109 67.2
95 109 67.2
105 109 67.2
115 109 67.2
125 109 67.2
135 109 67.2
145 109 67.2
155 109 67.2
165 109 67.2
175 109 67.2
185 109 67.2
195 109 67.2
205 109 67.2
215 109 67.2
225 109 67.2
235 109 67.2
245 109 67.2
40 117 67.2
50 117 67.2
60 117 67.2
70 117 67.2
80 117 67.2
90 117 67.2
100 117 67.2
110 117 67.2
120 117 67.2
130 117 67.2
140 117 67.2
150 117 67.2
160 117 67.2
170 117 67.2
180 117 67.2
190 117 67.2
200 117 67.2
210 117 67.2
220 117 67.2
230 117 67.2
240 117 67.2
45 126 67.2
55 126 67.2
65 126 67.2
75 126 67.2
85 126 67.2
95 126 67.2
105 126 67.2
115 126 67.2
125 126 67.2
135 126 67.2
145 126 67.2
155 126 67.2
165 126 67.2
175 126 67.2
185 126 67.2
195 126 67.2
205 126 67.2
215 126 67.2
225 126 67.2
235 126 67.2
60 135 67.2
70 135 67.2
80 135 67.2
90 135 67.2
100 135 67.2
110 135 67.2
120 135 67.2
130 135 67.2
140 135 67.2
150 135 67.2
160 135 67.2
170 135 67.2
180 135 67.2
190 135 67.2
200 135 67.2
210 135 67.2
220 135 67.2
60 71.1 75.3
70 71.1 75.3
80 71.1 75.3
90 71.1 75.3
100 71.1 75.3
110 71.1 75.3
120 71.1 75.3
130 71.1 75.3
140 71.1 75.3
150 71.1 75.3
160 71.1 75.3
170 71.1 75.3
180 71.1 75.3
190 71.1 75.3
200 71.1 75.3
210 71.1 75.3
220 71.1 75.3
45 79.8 75.3
55 79.8 75.3
65 79.8 75.3
75 79.8 75.3
85 79.8 75.3
95 79.8 75.3
105 79.8 75.3
115 79.8 75.3
125 79.8 75.3
135 79.8 75.3
145 79.8 75.3
155 79.8 75.3
165 79.8 75.3
175 79.8 75.3
185 79.8 75.3
195 79.8 75.3
205 79.8 75.3
215 79.8 75.3
225 79.8 75.3
235 79.8 75.3
40 88.5 75.3
50 88.5 75.3
60 88.5 75.3
70 88.5 75.3
80 88.5 75.3
90 88.5 75.3
100 88.5 75.3
110 88.5 75.3
120 88.5 75.3
130 88.5 75.3
140 88.5 75.3
150 88.5 75.3
160 88.5 75.3
170 88.5 75.3
180 88.5 75.3
190 88.5 75.3
200 88.5 75.3
210 88.5 75.3
220 88.5 75.3
230 88.5 75.3
240 88.5 75.3
45 97.1 75.3
55 97.1 75.3
65 97.1 75.3
75 97.1 75.3
85 97.1 75.3
95 97.1 75.3
105 97.1 75.3
115 97.1 75.3
125 97.1 75.3
135 97.1 75.3
145 97.1 75.3
155 97.1 75.3
165 97.1 75.3
175 97.1 75.3
185 97.1 75.3
195 97.1 75.3
205 97.1 75.3
215 97.1 75.3
225 97.1 75.3
235 97.1 75.3
40 106 75.3
50 106 75.3
60 106 75.3
70 106 75.3
80 106 75.3
90 106 75.3
100 106 75.3
110 106 75.3
120 106 75.3
130 106 75.3
140 106 75.3
150 106 75.3
160 106 75.3
170 106 75.3
180 106 75.3
190 106 75.3
200 106 75.3
210 106 75.3
220 106 75.3
230 106 75.3
240 106 75.3
45 114 75.3
55 114 75.3
65 114 75.3
75 114 75.3
85 114 75.3
95 114 75.3
105 114 75.3
115 114 75.3
125 114 75.3
135 114 75.3
145 114 75.3
155 114 75.3
165 114 75.3
175 114 75.3
185 114 75.3
195 114 75.3
205 114 75.3
215 114 75.3
225 114 75.3
235 114 75.3
50 123 75.3
60 123 75.3
70 123 75.3
80 123 75.3
90 123 75.3
100 123 75.3
110 123 75.3
120 123 75.3
130 123 75.3
140 123 75.3
150 123 75.3
160 123 75.3
170 123 75.3
180 123 75.3
190 123 75.3
200 123 75.3
210 123 75.3
220 123 75.3
230 123 75.3
65 132 75.3
75 132 75.3
85 132 75.3
95 132 75.3
105 132 75.3
115 132 75.3
125 132 75.3
135 132 75.3
145 132 75.3
155 132 75.3
165 132 75.3
175 132 75.3
185 132 75.3
195 132 75.3
205 132 75.3
215 132 75.3
75 74 83.5
85 74 83.5
95 74 83.5
105 74 83.5
115 74 83.5
125 74 83.5
135 74 83.5
145 74 83.5
155 74 83.5
165 74 83.5
175 74 83.5
185 74 83.5
195 74 83.5
205 74 83.5
60 82.7 83.5
70 82.7 83.5
80 82.7 83.5
90 82.7 83.5
100 82.7 83.5
110 82.7 83.5
120 82.7 83.5
130 82.7 83.5
140 82.7 83.5
150 82.7 83.5
160 82.7 83.5
170 82.7 83.5
180 82.7 83.5
190 82.7 83.5
200 82.7 83.5
210 82.7 83.5
220 82.7 83.5
55 91.3 83.5
65 91.3 83.5
75 91.3 83.5
85 91.3 83.5
95 91.3 83.5
105 91.3 83.5
115 91.3 83.5
125 91.3 83.5
135 91.3 83.5
145 91.3 83.5
155 91.3 83.5
165 91.3 83.5
175 91.3 83.5
185 91.3 83.5
195 91.3 83.5
205 91.3 83.5
215 91.3 83.5
225 91.3 83.5
50 100 83.5
60 100 83.5
70 100 83.5
80 100 83.5
90 100 83.5
100 100 83.5
110 100 83.5
120 100 83.5
130 100 83.5
140 100 83.5
150 100 83.5
160 100 83.5
170 100 83.5
180 100 83.5
190 100 83.5
200 100 83.5
210 100 83.5
220 100 83.5
230 100 83.5
55 109 83.5
65 109 83.5
75 109 83.5
85 109 83.5
95 109 83.5
105 109 83.5
115 109 83.5
125 109 83.5
135 109 83.5
145 109 83.5
155 109 83.5
165 109 83.5
175 109 83.5
185 109 83.5
195 109 83.5
205 109 83.5
215 109 83.5
225 109 83.5
60 117 83.5
70 117 83.5
80 117 83.5
90 117 83.5
100 117 83.5
110 117 83.5
120 117 83.5
130 117 83.5
140 117 83.5
150 117 83.5
160 117 83.5
170 117 83.5
180 117 83.5
190 117 83.5
200 117 83.5
210 117 83.5
220 117 83.5
75 126 83.5
85 126 83.5
95 126 83.5
105 126 83.5
115 126 83.5
125 126 83.5
135 126 83.5
145 126 83.5
155 126 83.5
165 126 83.5
175 126 83.5
185 126 83.5
195 126 83.5
205 126 83.5
65 97.1 91.6
75 97.1 91.6
85 97.1 91.6
95 97.1 91.6
105 97.1 91.6
115 97.1 91.6
125 97.1 91.6
135 97.1 91.6
145 97.1 91.6
155 97.1 91.6
165 97.1 91.6
175 97.1 91.6
185 97.1 91.6
195 97.1 91.6
205 97.1 91.6
215 97.1 91.6
70 106 91.6
80 106 91.6
90 106 91.6
100 106 91.6
110 106 91.6
120 106 91.6
130 106 91.6
140 106 91.6
150 106 91.6
160 106 91.6
170 106 91.6
180 106 91.6
190 106 91.6
200 106 91.6
210 106 91.6
-90 -183 10
-80 -183 10
-70 -183 10
-60 -183 10
-50 -183 10
-40 -183 10
-30 -183 10
-20 -183 10
-10 -183 10
0 -183 10
10 -183 10
20 -183 10
30 -183 10
40 -183 10
50 -183 10
60 -183 10
70 -183 10
80 -183 10
90 -183 10
-85 -174 10
-75 -174 10
-65 -174 10
-55 -174 10
-45 -174 10
-35 -174 10
-25 -174 10
-15 -174 10
-5 -174 10
5 -174 10
15 -174 10
25 -174 10
35 -174 10
45 -174 10
55 -174 10
65 -174 10
75 -174 10
85 -174 10
-80 -165 10
-70 -165 10
-60 -165 10
-50 -165 10
-40 -165 10
-30 -165 10
-20 -165 10
-10 -165 10
0 -165 10
10 -165 10
20 -165 10
30 -165 10
40 -165 10
50 -165 10
60 -165 10
70 -165 10
80 -165 10
-75 -157 10
-65 -157 10
-55 -157 10
-45 -157 10
-35 -157 10
-25 -157 10
-15 -157 10
-5 -157 10
5 -157 10
15 -157 10
25 -157 10
35 -157 10
45 -157 10
55 -157 10
65 -157 10
75 -157 10
-70 -148 10
-60 -148 10
-50 -148 10
-40 -148 10
-30 -148 10
-20 -148 10
-10 -148 10
0 -148 10
10 -148 10
20 -148 10
30 -148 10
40 -148 10
50 -148 10
60 -148 10
70 -148 10
-65 -139 10
-55 -139 10
-45 -139 10
-35 -139 10
-25 -139 10
-15 -139 10
-5 -139 10
5 -139 10
15 -139 10
25 -139 10
35 -139 10
45 -139 10
55 -139 10
65 -139 10
-60 -131 10
-50 -131 10
-40 -131 10
-30 -131 10
-20 -131 10
-10 -131 10
0 -131 10
10 -131 10
20 -131 10
30 -131 10
40 -131 10
50 -131 10
60 -131 10
-55 -122 10
-45 -122 10
-35 -122 10
-25 -122 10
-15 -122 10
-5 -122 10
5 -122 10
15 -122 10
25 -122 10
35 -122 10
45 -122 10
55 -122 10
-50 -113 10
-40 -113 10
-30 -113 10
-20 -113 10
-10 -113 10
0 -113 10
10 -113 10
20 -113 10
30 -113 10
40 -113 10
50 -113 10
-45 -105 10
-35 -105 10
-25 -105 10
-15 -105 10
-5 -105 10
5 -105 10
15 -105 10
25 -105 10
35 -105 10
45 -105 10
-40 -96 10
-30 -96 10
-20 -96 10
-10 -96 10
0 -96 10
10 -96 10
20 -96 10
30 -96 10
40 -96 10
-35 -87.3 10
-25 -87.3 10
-15 -87.3 10
-5 -87.3 10
5 -87.3 10
15 -87.3 10
25 -87.3 10
35 -87.3 10
-30 -78.7 10
-20 -78.7 10
-10 -78.7 10
0 -78.7 10
10 -78.7 10
20 -78.7 10
30 -78.7 10
-25 -70 10
-15 -70 10
-5 -70 10
5 -70 10
15 -70 10
25 -70 10
-20 -61.4 10
-10 -61.4 10
0 -61.4 10
10 -61.4 10
20 -61.4 10
-15 -52.7 10
-5 -52.7 10
5 -52.7 10
15 -52.7 10
-10 -44 10
0 -44 10
10 -44 10
-5 -35.4 10
5 -35.4 10
0 -26.7 10
-90 -177 18.2
-80 -177 18.2
-70 -177 18.2
-60 -177 18.2
-50 -177 18.2
-40 -177 18.2
-30 -177 18.2
-20 -177 18.2
-10 -177 18.2
0 -177 18.2
10 -177 18.2
20 -177 18.2
30 -177 18.2
40 -177 18.2
50 -177 18.2
60 -177 18.2
70 -177 18.2
80 -177 18.2
90 -177 18.2
-85 -168 18.2
-75 -168 18.2
-65 -168 18.2
-55 -168 18.2
-45 -168 18.2
-35 -168 18.2
-25 -168 18.2
-15 -168 18.2
-5 -168 18.2
5 -168 18.2
15 -168 18.2
25 -168 18.2
35 -168 18.2
45 -168 18.2
55 -168 18.2
65 -168 18.2
75 -168 18.2
85 -168 18.2
-80 -160 18.2
-70 -160 18.2
-60 -160 18.2
-50 -160 18.2
-40 -160 18.2
-30 -160 18.2
-20 -160 18.2
-10 -160 18.2
0 -160 18.2
10 -160 18.2
20 -160 18.2
30 -160 18.2
40 -160 18.2
50 -160 18.2
60 -160 18.2
70 -160 18.2
80 -160 18.2
-75 -151 18.2
-65 -151 18.2
-55 -151 18.2
-45 -151 18.2
-35 -151 18.2
-25 -151 18.2
-15 -151 18.2
-5 -151 18.2
5 -151 18.2
15 -151 18.2
25 -151 18.2
35 -151 18.2
45 -151 18.2
55 -151 18.2
65 -151 18.2
75 -151 18.2
-70 -142 18.2
-60 -142 18.2
-50 -142 18.2
-40 -142 18.2
-30 -142 18.2
-20 -142 18.2
-10 -142 18.2
0 -142 18.2
10 -142 18.2
20 -142 18.2
30 -142 18.2
40 -142 18.2
50 -142 18.2
60 -142 18.2
70 -142 18.2
-65 -134 18.2
-55 -134 18.2
-45 -134 18.2
-35 -134 18.2
-25 -134 18.2
-15 -134 18.2
-5 -134 18.2
5 -134 18.2
15 -134 18.2
25 -134 18.2
35 -134 18.2
45 -134 18.2
55 -134 18.2
65 -134 18.2
-60 -125 18.2
-50 -125 18.2
-40 -125 18.2
-30 -125 18.2
-20 -125 18.2
-10 -125 18.2
0 -125 18.2
10 -125 18.2
20 -125 18.2
30 -125 18.2
40 -125 18.2
50 -125 18.2
60 -125 18.2
-55 -116 18.2
-45 -116 18.2
-35 -116 18.2
-25 -116 18.2
-15 -116 18.2
-5 -116 18.2
5 -116 18.2
15 -116 18.2
25 -116 18.2
35 -116 18.2
45 -116 18.2
55 -116 18.2
-50 -108 18.2
-40 -108 18.2
-30 -108 18.2
-20 -108 18.2
-10 -108 18.2
0 -108 18.2
10 -108 18.2
20 -108 18.2
30 -108 18.2
40 -108 18.2
50 -108 18.2
-45 -98.9 18.2
-35 -98.9 18.2
-25 -98.9 18.2
-15 -98.9 18.2
-5 -98.9 18.2
5 -98.9 18.2
15 -98.9 18.2
25 -98.9 18.2
35 -98.9 18.2
45 -98.9 18.2
-40 -90.2 18.2
-30 -90.2 18.2
-20 -90.2 18.2
-10 -90.2 18.2
0 -90.2 18.2
10 -90.2 18.2
20 -90.2 18.2
30 -90.2 18.2
40 -90.2 18.2
-35 -81.6 18.2
-25 -81.6 18.2
-15 -81.6 18.2
-5 -81.6 18.2
5 -81.6 18.2
15 -81.6 18.2
25 -81.6 18.2
35 -81.6 18.2
-30 -72.9 18.2
-20 -72.9 18.2
-10 -72.9 18.2
0 -72.9 18.2
10 -72.9 18.2
20 -72.9 18.2
30 -72.9 18.2
-25 -64.2 18.2
-15 -64.2 18.2
-5 -64.2 18.2
5 -64.2 18.2
15 -64.2 18.2
25 -64.2 18.2
-20 -55.6 18.2
-10 -55.6 18.2
0 -55.6 18.2
10 -55.6 18.2
20 -55.6 18.2
-15 -46.9 18.2
-5 -46.9 18.2
5 -46.9 18.2
15 -46.9 18.2
-10 -38.3 18.2
0 -38.3 18.2
10 -38.3 18.2
-5 -29.6 18.2
5 -29.6 18.2
0 -20.9 18.2
-90 -183 26.3
-80 -183 26.3
-70 -183 26.3
-60 -183 26.3
-50 -183 26.3
-40 -183 26.3
-30 -183 26.3
-20 -183 26.3
-10 -183 26.3
0 -183 26.3
10 -183 26.3
20 -183 26.3
30 -183 26.3
40 -183 26.3
50 -183 26.3
60 -183 26.3
70 -183 26.3
80 -183 26.3
90 -183 26.3
-85 -174 26.3
-75 -174 26.3
-65 -174 26.3
-55 -174 26.3
-45 -174 26.3
-35 -174 26.3
-25 -174 26.3
-15 -174 26.3
-5 -174 26.3
5 -174 26.3
15 -174 26.3
25 -174 26.3
35 -174 26.3
45 -174 26.3
55 -174 26.3
65 -174 26.3
75 -174 26.3
85 -174 26.3
-80 -165 26.3
-70 -165 26.3
-60 -165 26.3
-50 -165 26.3
-40 -165 26.3
-30 -165 26.3
-20 -165 26.3
-10 -165 26.3
0 -165 26.3
10 -165 26.3
20 -165 26.3
30 -165 26.3
40 -165 26.3
50 -165 26.3
60 -165 26.3
70 -165 26.3
80 -165 26.3
-75 -157 26.3
-65 -157 26.3
-55 -157 26.3
-45 -157 26.3
-35 -157 26.3
-25 -157 26.3
-15 -157 26.3
-5 -157 26.3
5 -157 26.3
15 -157 26.3
25 -157 26.3
35 -157 26.3
45 -157 26.3
55 -157 26.3
65 -157 26.3
75 -157 26.3
-70 -148 26.3
-60 -148 26.3
-50 -148 26.3
-40 -148 26.3
-30 -148 26.3
-20 -148 26.3
-10 -148 26.3
0 -148 26.3
10 -148 26.3
20 -148 26.3
30 -148 26.3
40 -148 26.3
50 -148 26.3
60 -148 26.3
70 -148 26.3
-65 -139 26.3
-55 -139 26.3
-45 -139 26.3
-35 -139 26.3
-25 -139 26.3
-15 -139 26.3
-5 -139 26.3
5 -139 26.3
15 -139 26.3
25 -139 26.3
35 -139 26.3
45 -139 26.3
55 -139 26.3
65 -139 26.3
-60 -131 26.3
-50 -131 26.3
-40 -131 26.3
-30 -131 26.3
-20 -131 26.3
-10 -131 26.3
0 -131 26.3
10 -131 26.3
20 -131 26.3
30 -131 26.3
40 -131 26.3
50 -131 26.3
60 -131 26.3
-55 -122 26.3
-45 -122 26.3
-35 -122 26.3
-25 -122 26.3
-15 -122 26.3
-5 -122 26.3
5 -122 26.3
15 -122 26.3
25 -122 26.3
35 -122 26.3
45 -122 26.3
55 -122 26.3
-50 -113 26.3
-40 -113 26.3
-30 -113 26.3
-20 -113 26.3
-10 -113 26.3
0 -113 26.3
10 -113 26.3
20 -113 26.3
30 -113 26.3
40 -113 26.3
50 -113 26.3
-45 -105 26.3
-35 -105 26.3
-25 -105 26.3
-15 -105 26.3
-5 -105 26.3
5 -105 26.3
15 -105 26.3
25 -105 26.3
35 -105 26.3
45 -105 26.3
-40 -96 26.3
-30 -96 26.3
-20 -96 26.3
-10 -96 26.3
0 -96 26.3
10 -96 26.3
20 -96 26.3
30 -96 26.3
40 -96 26.3
-35 -87.3 26.3
-25 -87.3 26.3
-15 -87.3 26.3
-5 -87.3 26.3
5 -87.3 26.3
15 -87.3 26.3
25 -87.3 26.3
35 -87.3 26.3
-30 -78.7 26.3
-20 -78.7 26.3
-10 -78.7 26.3
0 -78.7 26.3
10 -78.7 26.3
20 -78.7 26.3
30 -78.7 26.3
-25 -70 26.3
-15 -70 26.3
-5 -70 26.3
5 -70 26.3
15 -70 26.3
25 -70 26.3
-20 -61.4 26.3
-10 -61.4 26.3
0 -61.4 26.3
10 -61.4 26.3
20 -61.4 26.3
-15 -52.7 26.3
-5 -52.7 26.3
5 -52.7 26.3
15 -52.7 26.3
-10 -44 26.3
0 -44 26.3
10 -44 26.3
-5 -35.4 26.3
5 -35.4 26.3
0 -26.7 26.3
-90 -177 34.5
-80 -177 34.5
-70 -177 34.5
-60 -177 34.5
-50 -177 34.5
-40 -177 34.5
-30 -177 34.5
-20 -177 34.5
-10 -177 34.5
0 -177 34.5
10 -177 34.5
20 -177 34.5
30 -177 34.5
40 -177 34.5
50 -177 34.5
60 -177 34.5
70 -177 34.5
80 -177 34.5
90 -177 34.5
-85 -168 34.5
-75 -168 34.5
-65 -168 34.5
-55 -168 34.5
-45 -168 34.5
-35 -168 34.5
-25 -168 34.5
-15 -168 34.5
-5 -168 34.5
5 -168 34.5
15 -168 34.5
25 -168 34.5
35 -168 34.5
45 -168 34.5
55 -168 34.5
65 -168 34.5
75 -168 34.5
85 -168 34.5
-80 -160 34.5
-70 -160 34.5
-60 -160 34.5
-50 -160 34.5
-40 -160 34.5
-30 -160 34.5
-20 -160 34.5
-10 -160 34.5
0 -160 34.5
10 -160 34.5
20 -160 34.5
30 -160 34.5
40 -160 34.5
50 -160 34.5
60 -160 34.5
70 -160 34.5
80 -160 34.5
-75 -151 34.5
-65 -151 34.5
-55 -151 34.5
-45 -151 34.5
-35 -151 34.5
-25 -151 34.5
-15 -151 34.5
-5 -151 34.5
5 -151 34.5
15 -151 34.5
25 -151 34.5
35 -151 34.5
45 -151 34.5
55 -151 34.5
65 -151 34.5
75 -151 34.5
-70 -142 34.5
-60 -142 34.5
-50 -142 34.5
-40 -142 34.5
-30 -142 34.5
-20 -142 34.5
-10 -142 34.5
0 -142 34.5
10 -142 34.5
20 -142 34.5
30 -142 34.5
40 -142 34.5
50 -142 34.5
60 -142 34.5
70 -142 34.5
-65 -134 34.5
-55 -134 34.5
-45 -134 34.5
-35 -134 34.5
-25 -134 34.5
-15 -134 34.5
-5 -134 34.5
5 -134 34.5
15 -134 34.5
25 -134 34.5
35 -134 34.5
45 -134 34.5
55 -134 34.5
65 -134 34.5
-60 -125 34.5
-50 -125 34.5
-40 -125 34.5
-30 -125 34.5
-20 -125 34.5
-10 -125 34.5
0 -125 34.5
10 -125 34.5
20 -125 34.5
30 -125 34.5
40 -125 34.5
50 -125 34.5
60 -125 34.5
-55 -116 34.5
-45 -116 34.5
-35 -116 34.5
-25 -116 34.5
-15 -116 34.5
-5 -116 34.5
5 -116 34.5
15 -116 34.5
25 -116 34.5
35 -116 34.5
45 -116 34.5
55 -116 34.5
-50 -108 34.5
-40 -108 34.5
-30 -108 34.5
-20 -108 34.5
-10 -108 34.5
0 -108 34.5
10 -108 34.5
20 -108 34.5
30 -108 34.5
40 -108 34.5
50 -108 34.5
-45 -98.9 34.5
-35 -98.9 34.5
-25 -98.9 34.5
-15 -98.9 34.5
-5 -98.9 34.5
5 -98.9 34.5
15 -98.9 34.5
25 -98.9 34.5
35 -98.9 34.5
45 -98.9 34.5
-40 -90.2 34.5
-30 -90.2 34.5
-20 -90.2 34.5
-10 -90.2 34.5
0 -90.2 34.5
10 -90.2 34.5
20 -90.2 34.5
30 -90.2 34.5
40 -90.2 34.5
-35 -81.6 34.5
-25 -81.6 34.5
-15 -81.6 34.5
-5 -81.6 34.5
5 -81.6 34.5
15 -81.6 34.5
25 -81.6 34.5
35 -81.6 34.5
-30 -72.9 34.5
-20 -72.9 34.5
-10 -72.9 34.5
0 -72.9 34.5
10 -72.9 34.5
20 -72.9 34.5
30 -72.9 34.5
-25 -64.2 34.5
-15 -64.2 34.5
-5 -64.2 34.5
5 -64.2 34.5
15 -64.2 34.5
25 -64.2 34.5
-20 -55.6 34.5
-10 -55.6 34.5
0 -55.6 34.5
10 -55.6 34.5
20 -55.6 34.5
-15 -46.9 34.5
-5 -46.9 34.5
5 -46.9 34.5
15 -46.9 34.5
-10 -38.3 34.5
0 -38.3 34.5
10 -38.3 34.5
-5 -29.6 34.5
5 -29.6 34.5
0 -20.9 34.5
-90 -183 42.7
-80 -183 42.7
-70 -183 42.7
-60 -183 42.7
-50 -183 42.7
-40 -183 42.7
-30 -183 42.7
-20 -183 42.7
-10 -183 42.7
0 -183 42.7
10 -183 42.7
20 -183 42.7
30 -183 42.7
40 -183 42.7
50 -183 42.7
60 -183 42.7
70 -183 42.7
80 -183 42.7
90 -183 42.7
-85 -174 42.7
-75 -174 42.7
-65 -174 42.7
-55 -174 42.7
-45 -174 42.7
-35 -174 42.7
-25 -174 42.7
-15 -174 42.7
-5 -174 42.7
5 -174 42.7
15 -174 42.7
25 -174 42.7
35 -174 42.7
45 -174 42.7
55 -174 42.7
65 -174 42.7
75 -174 42.7
85 -174 42.7
-80 -165 42.7
-70 -165 42.7
-60 -165 42.7
-50 -165 42.7
-40 -165 42.7
-30 -165 42.7
-20 -165 42.7
-10 -165 42.7
0 -165 42.7
10 -165 42.7
20 -165 42.7
30 -165 42.7
40 -165 42.7
50 -165 42.7
60 -165 42.7
70 -165 42.7
80 -165 42.7
-75 -157 42.7
-65 -157 42.7
-55 -157 42.7
-45 -157 42.7
-35 -157 42.7
-25 -157 42.7
-15 -157 42.7
-5 -157 42.7
5 -157 42.7
15 -157 42.7
25 -157 42.7
35 -157 42.7
45 -157 42.7
55 -157 42.7
65 -157 42.7
75 -157 42.7
-70 -148 42.7
-60 -148 42.7
-50 -148 42.7
-40 -148 42.7
-30 -148 42.7
-20 -148 42.7
-10 -148 42.7
0 -148 42.7
10 -148 42.7
20 -148 42.7
30 -148 42.7
40 -148 42.7
50 -148 42.7
60 -148 42.7
70 -148 42.7
-65 -139 42.7
-55 -139 42.7
-45 -139 42.7
-35 -139 42.7
-25 -139 42.7
-15 -139 42.7
-5 -139 42.7
5 -139 42.7
15 -139 42.7
25 -139 42.7
35 -139 42.7
45 -139 42.7
55 -139 42.7
65 -139 42.7
-60 -131 42.7
-50 -131 42.7
-40 -131 42.7
-30 -131 42.7
-20 -131 42.7
-10 -131 42.7
0 -131 42.7
10 -131 42.7
20 -131 42.7
30 -131 42.7
40 -131 42.7
50 -131 42.7
60 -131 42.7
-55 -122 42.7
-45 -122 42.7
-35 -122 42.7
-25 -122 42.7
-15 -122 42.7
-5 -122 42.7
5 -122 42.7
15 -122 42.7
25 -122 42.7
35 -122 42.7
45 -122 42.7
55 -122 42.7
-50 -113 42.7
-40 -113 42.7
-30 -113 42.7
-20 -113 42.7
-10 -113 42.7
0 -113 42.7
10 -113 42.7
20 -113 42.7
30 -113 42.7
40 -113 42.7
50 -113 42.7
-45 -105 42.7
-35 -105 42.7
-25 -105 42.7
-15 -105 42.7
-5 -105 42.7
5 -105 42.7
15 -105 42.7
25 -105 42.7
35 -105 42.7
45 -105 42.7
-40 -96 42.7
-30 -96 42.7
-20 -96 42.7
-10 -96 42.7
0 -96 42.7
10 -96 42.7
20 -96 42.7
30 -96 42.7
40 -96 42.7
-35 -87.3 42.7
-25 -87.3 42.7
-15 -87.3 42.7
-5 -87.3 42.7
5 -87.3 42.7
15 -87.3 42.7
25 -87.3 42.7
35 -87.3 42.7
-30 -78.7 42.7
-20 -78.7 42.7
-10 -78.7 42.7
0 -78.7 42.7
10 -78.7 42.7
20 -78.7 42.7
30 -78.7 42.7
-25 -70 42.7
-15 -70 42.7
-5 -70 42.7
5 -70 42.7
15 -70 42.7
25 -70 42.7
-20 -61.4 42.7
-10 -61.4 42.7
0 -61.4 42.7
10 -61.4 42.7
20 -61.4 42.7
-15 -52.7 42.7
-5 -52.7 42.7
5 -52.7 42.7
15 -52.7 42.7
-10 -44 42.7
0 -44 42.7
10 -44 42.7
-5 -35.4 42.7
5 -35.4 42.7
0 -26.7 42.7
-90 -177 50.8
-80 -177 50.8
-70 -177 50.8
-60 -177 50.8
-50 -177 50.8
-40 -177 50.8
-30 -177 50.8
-20 -177 50.8
-10 -177 50.8
0 -177 50.8
10 -177 50.8
20 -177 50.8
30 -177 50.8
40 -177 50.8
50 -177 50.8
60 -177 50.8
70 -177 50.8
80 -177 50.8
90 -177 50.8
-85 -168 50.8
-75 -168 50.8
-65 -168 50.8
-55 -168 50.8
-45 -168 50.8
-35 -168 50.8
-25 -168 50.8
-15 -168 50.8
-5 -168 50.8
5 -168 50.8
15 -168 50.8
25 -168 50.8
35 -168 50.8
45 -168 50.8
55 -168 50.8
65 -168 50.8
75 -168 50.8
85 -168 50.8
-80 -160 50.8
-70 -160 50.8
-60 -160 50.8
-50 -160 50.8
-40 -160 50.8
-30 -160 50.8
-20 -160 50.8
-10 -160 50.8
0 -160 50.8
10 -160 50.8
20 -160 50.8
30 -160 50.8
40 -160 50.8
50 -160 50.8
60 -160 50.8
70 -160 50.8
80 -160 50.8
-75 -151 50.8
-65 -151 50.8
-55 -151 50.8
-45 -151 50.8
-35 -151 50.8
-25 -151 50.8
-15 -151 50.8
-5 -151 50.8
5 -151 50.8
15 -151 50.8
25 -151 50.8
35 -151 50.8
45 -151 50.8
55 -151 50.8
65 -151 50.8
75 -151 50.8
-70 -142 50.8
-60 -142 50.8
-50 -142 50.8
-40 -142 50.8
-30 -142 50.8
-20 -142 50.8
-10 -142 50.8
0 -142 50.8
10 -142 50.8
20 -142 50.8
30 -142 50.8
40 -142 50.8
50 -142 50.8
60 -142 50.8
70 -142 50.8
-65 -134 50.8
-55 -134 50.8
-45 -134 50.8
-35 -134 50.8
-25 -134 50.8
-15 -134 50.8
-5 -134 50.8
5 -134 50.8
15 -134 50.8
25 -134 50.8
35 -134 50.8
45 -134 50.8
55 -134 50.8
65 -134 50.8
-60 -125 50.8
-50 -125 50.8
-40 -125 50.8
-30 -125 50.8
-20 -125 50.8
-10 -125 50.8
0 -125 50.8
10 -125 50.8
20 -125 50.8
30 -125 50.8
40 -125 50.8
50 -125 50.8
60 -125 50.8
-55 -116 50.8
-45 -116 50.8
-35 -116 50.8
-25 -116 50.8
-15 -116 50.8
-5 -116 50.8
5 -116 50.8
15 -116 50.8
25 -116 50.8
35 -116 50.8
45 -116 50.8
55 -116 50.8
-50 -108 50.8
-40 -108 50.8
-30 -108 50.8
-20 -108 50.8
-10 -108 50.8
0 -108 50.8
10 -108 50.8
20 -108 50.8
30 -108 50.8
40 -108 50.8
50 -108 50.8
-45 -98.9 50.8
-35 -98.9 50.8
-25 -98.9 50.8
-15 -98.9 50.8
-5 -98.9 50.8
5 -98.9 50.8
15 -98.9 50.8
25 -98.9 50.8
35 -98.9 50.8
45 -98.9 50.8
-40 -90.2 50.8
-30 -90.2 50.8
-20 -90.2 50.8
-10 -90.2 50.8
0 -90.2 50.8
10 -90.2 50.8
20 -90.2 50.8
30 -90.2 50.8
40 -90.2 50.8
-35 -81.6 50.8
-25 -81.6 50.8
-15 -81.6 50.8
-5 -81.6 50.8
5 -81.6 50.8
15 -81.6 50.8
25 -81.6 50.8
35 -81.6 50.8
-30 -72.9 50.8
-20 -72.9 50.8
-10 -72.9 50.8
0 -72.9 50.8
10 -72.9 50.8
20 -72.9 50.8
30 -72.9 50.8
-25 -64.2 50.8
-15 -64.2 50.8
-5 -64.2 50.8
5 -64.2 50.8
15 -64.2 50.8
25 -64.2 50.8
-20 -55.6 50.8
-10 -55.6 50.8
0 -55.6 50.8
10 -55.6 50.8
20 -55.6 50.8
-15 -46.9 50.8
-5 -46.9 50.8
5 -46.9 50.8
15 -46.9 50.8
-10 -38.3 50.8
0 -38.3 50.8
10 -38.3 50.8
-5 -29.6 50.8
5 -29.6 50.8
0 -20.9 50.8
-90 -183 59
-80 -183 59
-70 -183 59
-60 -183 59
-50 -183 59
-40 -183 59
-30 -183 59
-20 -183 59
-10 -183 59
0 -183 59
10 -183 59
20 -183 59
30 -183 59
40 -183 59
50 -183 59
60 -183 59
70 -183 59
80 -183 59
90 -183 59
-85 -174 59
-75 -174 59
-65 -174 59
-55 -174 59
-45 -174 59
-35 -174 59
-25 -174 59
-15 -174 59
-5 -174 59
5 -174 59
15 -174 59
25 -174 59
35 -174 59
45 -174 59
55 -174 59
65 -174 59
75 -174 59
85 -174 59
-80 -165 59
-70 -165 59
-60 -165 59
-50 -165 59
-40 -165 59
-30 -165 59
-20 -165 59
-10 -165 59
0 -165 59
10 -165 59
20 -165 59
30 -165 59
40 -165 59
50 -165 59
60 -165 59
70 -165 59
80 -165 59
-75 -157 59
-65 -157 59
-55 -157 59
-45 -157 59
-35 -157 59
-25 -157 59
-15 -157 59
-5 -157 59
5 -157 59
15 -157 59
25 -157 59
35 -157 59
45 -157 59
55 -157 59
65 -157 59
75 -157 59
-70 -148 59
-60 -148 59
-50 -148 59
-40 -148 59
-30 -148 59
-20 -148 59
-10 -148 59
0 -148 59
10 -148 59
20 -148 59
30 -148 59
40 -148 59
50 -148 59
60 -148 59
70 -148 59
-65 -139 59
-55 -139 59
-45 -139 59
-35 -139 59
-25 -139 59
-15 -139 59
-5 -139 59
5 -139 59
15 -139 59
25 -139 59
35 -139 59
45 -139 59
55 -139 59
65 -139 59
-60 -131 59
-50 -131 59
-40 -131 59
-30 -131 59
-20 -131 59
-10 -131 59
0 -131 59
10 -131 59
20 -131 59
30 -131 59
40 -131 59
50 -131 59
60 -131 59
-55 -122 59
-45 -122 59
-35 -122 59
-25 -122 59
-15 -122 59
-5 -122 59
5 -122 59
15 -122 59
25 -122 59
35 -122 59
45 -122 59
55 -122 59
-50 -113 59
-40 -113 59
-30 -113 59
-20 -113 59
-10 -113 59
0 -113 59
10 -113 59
20 -113 59
30 -113 59
40 -113 59
50 -113 59
-45 -105 59
-35 -105 59
-25 -105 59
-15 -105 59
-5 -105 59
5 -105 59
15 -105 59
25 -105 59
35 -105 59
45 -105 59
-40 -96 59
-30 -96 59
-20 -96 59
-10 -96 59
0 -96 59
10 -96 59
20 -96 59
30 -96 59
40 -96 59
-35 -87.3 59
-25 -87.3 59
-15 -87.3 59
-5 -87.3 59
5 -87.3 59
15 -87.3 59
25 -87.3 59
35 -87.3 59
-30 -78.7 59
-20 -78.7 59
-10 -78.7 59
0 -78.7 59
10 -78.7 59
20 -78.7 59
30 -78.7 59
-25 -70 59
-15 -70 59
-5 -70 59
5 -70 59
15 -70 59
25 -70 59
-20 -61.4 59
-10 -61.4 59
0 -61.4 59
10 -61.4 59
20 -61.4 59
-15 -52.7 59
-5 -52.7 59
5 -52.7 59
15 -52.7 59
-10 -44 59
0 -44 59
10 -44 59
-5 -35.4 59
5 -35.4 59
0 -26.7 59
-110 82.7 10
-100 82.7 10
-90 82.7 10
-115 91.3 10
-105 91.3 10
-95 91.3 10
-85 91.3 10
-120 100 10
-110 100 10
-100 100 10
-90 100 10
-80 100 10
-115 109 10
-105 109 10
-95 109 10
-85 109 10
-110 117 10
-100 117 10
-90 117 10
-120 71.1 18.2
-110 71.1 18.2
-100 71.1 18.2
-90 71.1 18.2
-80 71.1 18.2
-125 79.8 18.2
-115 79.8 18.2
-105 79.8 18.2
-95 79.8 18.2
-85 79.8 18.2
-75 79.8 18.2
-130 88.5 18.2
-120 88.5 18.2
-110 88.5 18.2
-100 88.5 18.2
-90 88.5 18.2
-80 88.5 18.2
-70 88.5 18.2
-135 97.1 18.2
-125 97.1 18.2
-115 97.1 18.2
-105 97.1 18.2
-95 97.1 18.2
-85 97.1 18.2
-75 97.1 18.2
-65 97.1 18.2
-130 106 18.2
-120 106 18.2
-110 106 18.2
-100 106 18.2
-90 106 18.2
-80 106 18.2
-70 106 18.2
-125 114 18.2
-115 114 18.2
-105 114 18.2
-95 114 18.2
-85 114 18.2
-75 114 18.2
-120 123 18.2
-110 123 18.2
-100 123 18.2
-90 123 18.2
-80 123 18.2
-115 132 18.2
-105 132 18.2
-95 132 18.2
-85 132 18.2
-120 65.4 26.3
-110 65.4 26.3
-100 65.4 26.3
-90 65.4 26.3
-80 65.4 26.3
-125 74 26.3
-115 74 26.3
-105 74 26.3
-95 74 26.3
-85 74 26.3
-75 74 26.3
-130 82.7 26.3
-120 82.7 26.3
-110 82.7 26.3
-100 82.7 26.3
-90 82.7 26.3
-80 82.7 26.3
-70 82.7 26.3
-135 91.3 26.3
-125 91.3 26.3
-115 91.3 26.3
-105 91.3 26.3
-95 91.3 26.3
-85 91.3 26.3
-75 91.3 26.3
-65 91.3 26.3
-140 100 26.3
-130 100 26.3
-120 100 26.3
-110 100 26.3
-100 100 26.3
-90 100 26.3
-80 100 26.3
-70 100 26.3
-60 100 26.3
-135 109 26.3
-125 109 26.3
-115 109 26.3
-105 109 26.3
-95 109 26.3
-85 109 26.3
-75 109 26.3
-65 109 26.3
-130 117 26.3
-120 117 26.3
-110 117 26.3
-100 117 26.3
-90 117 26.3
-80 117 26.3
-70 117 26.3
-125 126 26.3
-115 126 26.3
-105 126 26.3
-95 126 26.3
-85 126 26.3
-75 126 26.3
-120 135 26.3
-110 135 26.3
-100 135 26.3
-90 135 26.3
-80 135 26.3
-110 53.8 34.5
-100 53.8 34.5
-90 53.8 34.5
-125 62.5 34.5
-115 62.5 34.5
-105 62.5 34.5
-95 62.5 34.5
-85 62.5 34.5
-75 62.5 34.5
-130 71.1 34.5
-120 71.1 34.5
-110 71.1 34.5
-100 71.1 34.5
-90 71.1 34.5
-80 71.1 34.5
-70 71.1 34.5
-135 79.8 34.5
-125 79.8 34.5
-115 79.8 34.5
-105 79.8 34.5
-95 79.8 34.5
-85 79.8 34.5
-75 79.8 34.5
-65 79.8 34.5
-140 88.5 34.5
-130 88.5 34.5
-120 88.5 34.5
-110 88.5 34.5
-100 88.5 34.5
-90 88.5 34.5
-80 88.5 34.5
-70 88.5 34.5
-60 88.5 34.5
-145 97.1 34.5
-135 97.1 34.5
-125 97.1 34.5
-115 97.1 34.5
-105 97.1 34.5
-95 97.1 34.5
-85 97.1 34.5
-75 97.1 34.5
-65 97.1 34.5
-55 97.1 34.5
-140 106 34.5
-130 106 34.5
-120 106 34.5
-110 106 34.5
-100 106 34.5
-90 106 34.5
-80 106 34.5
-70 106 34.5
-60 106 34.5
-145 114 34.5
-135 114 34.5
-125 114 34.5
-115 114 34.5
-105 114 34.5
-95 114 34.5
-85 114 34.5
-75 114 34.5
-65 114 34.5
-55 114 34.5
-140 123 34.5
-130 123 34.5
-120 123 34.5
-110 123 34.5
-100 123 34.5
-90 123 34.5
-80 123 34.5
-70 123 34.5
-60 123 34.5
-135 132 34.5
-125 132 34.5
-115 132 34.5
-105 132 34.5
-95 132 34.5
-85 132 34.5
-75 132 34.5
-65 132 34.5
-120 140 34.5
-110 140 34.5
-100 140 34.5
-90 140 34.5
-80 140 34.5
-125 56.7 42.7
-115 56.7 42.7
-105 56.7 42.7
-95 56.7 42.7
-85 56.7 42.7
-75 56.7 42.7
-130 65.4 42.7
-120 65.4 42.7
-110 65.4 42.7
-100 65.4 42.7
-90 65.4 42.7
-80 65.4 42.7
-70 65.4 42.7
-135 74 42.7
-125 74 42.7
-115 74 42.7
-105 74 42.7
-95 74 42.7
-85 74 42.7
-75 74 42.7
-65 74 42.7
-140 82.7 42.7
-130 82.7 42.7
-120 82.7 42.7
-110 82.7 42.7
-100 82.7 42.7
-90 82.7 42.7
-80 82.7 42.7
-70 82.7 42.7
-60 82.7 42.7
-145 91.3 42.7
-135 91.3 42.7
-125 91.3 42.7
-115 91.3 42.7
-105 91.3 42.7
-95 91.3 42.7
-85 91.3 42.7
-75 91.3 42.7
-65 91.3 42.7
-55 91.3 42.7
-150 100 42.7
-140 100 42.7
-130 100 42.7
-120 100 42.7
-110 100 42.7
-100 100 42.7
-90 100 42.7
-80 100 42.7
-70 100 42.7
-60 100 42.7
-50 100 42.7
-145 109 42.7
-135 109 42.7
-125 109 42.7
-115 109 42.7
-105 109 42.7
-95 109 42.7
-85 109 42.7
-75 109 42.7
-65 109 42.7
-55 109 42.7
-140 117 42.7
-130 117 42.7
-120 117 42.7
-110 117 42.7
-100 117 42.7
-90 117 42.7
-80 117 42.7
-70 117 42.7
-60 117 42.7
-135 126 42.7
-125 126 42.7
-115 126 42.7
-105 126 42.7
-95 126 42.7
-85 126 42.7
-75 126 42.7
-65 126 42.7
-130 135 42.7
-120 135 42.7
-110 135 42.7
-100 135 42.7
-90 135 42.7
-80 135 42.7
-70 135 42.7
-125 143 42.7
-115 143 42.7
-105 143 42.7
-95 143 42.7
-85 143 42.7
-75 143 42.7
-120 53.8 50.8
-110 53.8 50.8
-100 53.8 50.8
-90 53.8 50.8
-80 53.8 50.8
-135 62.5 50.8
-125 62.5 50.8
-115 62.5 50.8
-105 62.5 50.8
-95 62.5 50.8
-85 62.5 50.8
-75 62.5 50.8
-65 62.5 50.8
-140 71.1 50.8
-130 71.1 50.8
-120 71.1 50.8
-110 71.1 50.8
-100 71.1 50.8
-90 71.1 50.8
-80 71.1 50.8
-70 71.1 50.8
-60 71.1 50.8
-145 79.8 50.8
-135 79.8 50.8
-125 79.8 50.8
-115 79.8 50.8
-105 79.8 50.8
-95 79.8 50.8
-85 79.8 50.8
-75 79.8 50.8
-65 79.8 50.8
-55 79.8 50.8
-150 88.5 50.8
-140 88.5 50.8
-130 88.5 50.8
-120 88.5 50.8
-110 88.5 50.8
-100 88.5 50.8
-90 88.5 50.8
-80 88.5 50.8
-70 88.5 50.8
-60 88.5 50.8
-50 88.5 50.8
-145 97.1 50.8
-135 97.1 50.8
-125 97.1 50.8
-115 97.1 50.8
-105 97.1 50.8
-95 97.1 50.8
-85 97.1 50.8
-75 97.1 50.8
-65 97.1 50.8
-55 97.1 50.8
-150 106 50.8
-140 106 50.8
-130 106 50.8
-120 106 50.8
-110 106 50.8
-100 106 50.8
-90 106 50.8
-80 106 50.8
-70 106 50.8
-60 106 50.8
-50 106 50.8
-145 114 50.8
-135 114 50.8
-125 114 50.8
-115 114 50.8
-105 114 50.8
-95 114 50.8
-85 114 50.8
-75 114 50.8
-65 114 50.8
-55 114 50.8
-140 123 50.8
-130 123 50.8
-120 123 50.8
-110 123 50.8
-100 123 50.8
-90 123 50.8
-80 123 50.8
-70 123 50.8
-60 123 50.8
-135 132 50.8
-125 132 50.8
-115 132 50.8
-105 132 50.8
-95 132 50.8
-85 132 50.8
-75 132 50.8
-65 132 50.8
-130 140 50.8
-120 140 50.8
-110 140 50.8
-100 140 50.8
-90 140 50.8
-80 140 50.8
-70 140 50.8
-115 149 50.8
-105 149 50.8
-95 149 50.8
-85 149 50.8
-110 48 59
-100 48 59
-90 48 59
-125 56.7 59
-115 56.7 59
-105 56.7 59
-95 56.7 59
-85 56.7 59
-75 56.7 59
-140 65.4 59
-130 65.4 59
-120 65.4 59
-110 65.4 59
-100 65.4 59
-90 65.4 59
-80 65.4 59
-70 65.4 59
-60 65.4 59
-145 74 59
-135 74 59
-125 74 59
-115 74 59
-105 74 59
-95 74 59
-85 74 59
-75 74 59
-65 74 59
-55 74 59
-150 82.7 59
-140 82.7 59
-130 82.7 59
-120 82.7 59
-110 82.7 59
-100 82.7 59
-90 82.7 59
-80 82.7 59
-70 82.7 59
-60 82.7 59
-50 82.7 59
-145 91.3 59
-135 91.3 59
-125 91.3 59
-115 91.3 59
-105 91.3 59
-95 91.3 59
-85 91.3 59
-75 91.3 59
-65 91.3 59
-55 91.3 59
-150 100 59
-140 100 59
-130 100 59
-120 100 59
-110 100 59
-100 100 59
-90 100 59
-80 100 59
-70 100 59
-60 100 59
-50 100 59
-145 109 59
-135 109 59
-125 109 59
-115 109 59
-105 109 59
-95 109 59
-85 109 59
-75 109 59
-65 109 59
-55 109 59
-150 117 59
-140 117 59
-130 117 59
-120 117 59
-110 117 59
-100 117 59
-90 117 59
-80 117 59
-70 117 59
-60 117 59
-50 117 59
-145 126 59
-135 126 59
-125 126 59
-115 126 59
-105 126 59
-95 126 59
-85 126 59
-75 126 59
-65 126 59
-55 126 59
-140 135 59
-130 135 59
-120 135 59
-110 135 59
-100 135 59
-90 135 59
-80 135 59
-70 135 59
-60 135 59
-125 143 59
-115 143 59
-105 143 59
-95 143 59
-85 143 59
-75 143 59
-110 152 59
-100 152 59
-90 152 59
-120 53.8 67.2
-110 53.8 67.2
-100 53.8 67.2
-90 53.8 67.2
-80 53.8 67.2
-135 62.5 67.2
-125 62.5 67.2
-115 62.5 67.2
-105 62.5 67.2
-95 62.5 67.2
-85 62.5 67.2
-75 62.5 67.2
-65 62.5 67.2
-140 71.1 67.2
-130 71.1 67.2
-120 71.1 67.2
-110 71.1 67.2
-100 71.1 67.2
-90 71.1 67.2
-80 71.1 67.2
-70 71.1 67.2
-60 71.1 67.2
-145 79.8 67.2
-135 79.8 67.2
-125 79.8 67.2
-115 79.8 67.2
-105 79.8 67.2
-95 79.8 67.2
-85 79.8 67.2
-75 79.8 67.2
-65 79.8 67.2
-55 79.8 67.2
-150 88.5 67.2
-140 88.5 67.2
-130 88.5 67.2
-120 88.5 67.2
-110 88.5 67.2
-100 88.5 67.2
-90 88.5 67.2
-80 88.5 67.2
-70 88.5 67.2
-60 88.5 67.2
-50 88.5 67.2
-145 97.1 67.2
-135 97.1 67.2
-125 97.1 67.2
-115 97.1 67.2
-105 97.1 67.2
-95 97.1 67.2
-85 97.1 67.2
-75 97.1 67.2
-65 97.1 67.2
-55 97.1 67.2
-150 106 67.2
-140 106 67.2
-130 106 67.2
-120 106 67.2
-110 106 67.2
-100 106 67.2
-90 106 67.2
-80 106 67.2
-70 106 67.2
-60 106 67.2
-50 106 67.2
-145 114 67.2
-135 114 67.2
-125 114 67.2
-115 114 67.2
-105 114 67.2
-95 114 67.2
-85 114 67.2
-75 114 67.2
-65 114 67.2
-55 114 67.2
-140 123 67.2
-130 123 67.2
-120 123 67.2
-110 123 67.2
-100 123 67.2
-90 123 67.2
-80 123 67.2
-70 123 67.2
-60 123 67.2
-135 132 67.2
-125 132 67.2
-115 132 67.2
-105 132 67.2
-95 132 67.2
-85 132 67.2
-75 132 67.2
-65 132 67.2
-130 140 67.2
-120 140 67.2
-110 140 67.2
-100 140 67.2
-90 140 67.2
-80 140 67.2
-70 140 67.2
-115 149 67.2
-105 149 67.2
-95 149 67.2
-85 149 67.2
-125 56.7 75.3
-115 56.7 75.3
-105 56.7 75.3
-95 56.7 75.3
-85 56.7 75.3
-75 56.7 75.3
-130 65.4 75.3
-120 65.4 75.3
-110 65.4 75.3
-100 65.4 75.3
-90 65.4 75.3
-80 65.4 75.3
-70 65.4 75.3
-135 74 75.3
-125 74 75.3
-115 74 75.3
-105 74 75.3
-95 74 75.3
-85 74 75.3
-75 74 75.3
-65 74 75.3
-140 82.7 75.3
-130 82.7 75.3
-120 82.7 75.3
-110 82.7 75.3
-100 82.7 75.3
-90 82.7 75.3
-80 82.7 75.3
-70 82.7 75.3
-60 82.7 75.3
-145 91.3 75.3
-135 91.3 75.3
-125 91.3 75.3
-115 91.3 75.3
-105 91.3 75.3
-95 91.3 75.3
-85 91.3 75.3
-75 91.3 75.3
-65 91.3 75.3
-55 91.3 75.3
-150 100 75.3
-140 100 75.3
-130 100 75.3
-120 100 75.3
-110 100 75.3
-100 100 75.3
-90 100 75.3
-80 100 75.3
-70 100 75.3
-60 100 75.3
-50 100 75.3
-145 109 75.3
-135 109 75.3
-125 109 75.3
-115 109 75.3
-105 109 75.3
-95 109 75.3
-85 109 75.3
-75 109 75.3
-65 109 75.3
-55 109 75.3
-140 117 75.3
-130 117 75.3
-120 117 75.3
-110 117 75.3
-100 117 75.3
-90 117 75.3
-80 117 75.3
-70 117 75.3
-60 117 75.3
-135 126 75.3
-125 126 75.3
-115 126 75.3
-105 126 75.3
-95 126 75.3
-85 126 75.3
-75 126 75.3
-65 126 75.3
-130 135 75.3
-120 135 75.3
-110 135 75.3
-100 135 75.3
-90 135 75.3
-80 135 75.3
-70 135 75.3
-125 143 75.3
-115 143 75.3
-105 143 75.3
-95 143 75.3
-85 143 75.3
-75 143 75.3
-110 53.8 83.5
-100 53.8 83.5
-90 53.8 83.5
-125 62.5 83.5
-115 62.5 83.5
-105 62.5 83.5
-95 62.5 83.5
-85 62.5 83.5
-75 62.5 83.5
-130 71.1 83.5
-120 71.1 83.5
-110 71.1 83.5
-100 71.1 83.5
-90 71.1 83.5
-80 71.1 83.5
-70 71.1 83.5
-135 79.8 83.5
-125 79.8 83.5
-115 79.8 83.5
-105 79.8 83.5
-95 79.8 83.5
-85 79.8 83.5
-75 79.8 83.5
-65 79.8 83.5
-140 88.5 83.5
-130 88.5 83.5
-120 88.5 83.5
-110 88.5 83.5
-100 88.5 83.5
-90 88.5 83.5
-80 88.5 83.5
-70 88.5 83.5
-60 88.5 83.5
-145 97.1 83.5
-135 97.1 83.5
-125 97.1 83.5
-115 97.1 83.5
-105 97.1 83.5
-95 97.1 83.5
-85 97.1 83.5
-75 97.1 83.5
-65 97.1 83.5
-55 97.1 83.5
-140 106 83.5
-130 106 83.5
-120 106 83.5
-110 106 83.5
-100 106 83.5
-90 106 83.5
-80 106 83.5
-70 106 83.5
-60 106 83.5
-145 114 83.5
-135 114 83.5
-125 114 83.5
-115 114 83.5
-105 114 83.5
-95 114 83.5
-85 114 83.5
-75 114 83.5
-65 114 83.5
-55 114 83.5
-140 123 83.5
-130 123 83.5
-120 123 83.5
-110 123 83.5
-100 123 83.5
-90 123 83.5
-80 123 83.5
-70 123 83.5
-60 123 83.5
-135 132 83.5
-125 132 83.5
-115 132 83.5
-105 132 83.5
-95 132 83.5
-85 132 83.5
-75 132 83.5
-65 132 83.5
-120 140 83.5
-110 140 83.5
-100 140 83.5
-90 140 83.5
-80 140 83.5
-120 65.4 91.6
-110 65.4 91.6
-100 65.4 91.6
-90 65.4 91.6
-80 65.4 91.6
-125 74 91.6
-115 74 91.6
-105 74 91.6
-95 74 91.6
-85 74 91.6
-75 74 91.6
-130 82.7 91.6
-120 82.7 91.6
-110 82.7 91.6
-100 82.7 91.6
-90 82.7 91.6
-80 82.7 91.6
-70 82.7 91.6
-135 91.3 91.6
-125 91.3 91.6
-115 91.3 91.6
-105 91.3 91.6
-95 91.3 91.6
-85 91.3 91.6
-75 91.3 91.6
-65 91.3 91.6
-140 100 91.6
-130 100 91.6
-120 100 91.6
-110 100 91.6
-100 100 91.6
-90 100 91.6
-80 100 91.6
-70 100 91.6
-60 100 91.6
-135 109 91.6
-125 109 91.6
-115 109 91.6
-105 109 91.6
-95 109 91.6
-85 109 91.6
-75 109 91.6
-65 109 91.6
-130 117 91.6
-120 117 91.6
-110 117 91.6
-100 117 91.6
-90 117 91.6
-80 117 91.6
-70 117 91.6
-125 126 91.6
-115 126 91.6
-105 126 91.6
-95 126 91.6
-85 126 91.6
-75 126 91.6
-120 135 91.6
-110 135 91.6
-100 135 91.6
-90 135 91.6
-80 135 91.6
-120 71.1 99.8
-110 71.1 99.8
-100 71.1 99.8
-90 71.1 99.8
-80 71.1 99.8
-125 79.8 99.8
-115 79.8 99.8
-105 79.8 99.8
-95 79.8 99.8
-85 79.8 99.8
-75 79.8 99.8
-130 88.5 99.8
-120 88.5 99.8
-110 88.5 99.8
-100 88.5 99.8
-90 88.5 99.8
-80 88.5 99.8
-70 88.5 99.8
-135 97.1 99.8
-125 97.1 99.8
-115 97.1 99.8
-105 97.1 99.8
-95 97.1 99.8
-85 97.1 99.8
-75 97.1 99.8
-65 97.1 99.8
-130 106 99.8
-120 106 99.8
-110 106 99.8
-100 106 99.8
-90 106 99.8
-80 106 99.8
-70 106 99.8
-125 114 99.8
-115 114 99.8
-105 114 99.8
-95 114 99.8
-85 114 99.8
-75 114 99.8
-120 123 99.8
-110 123 99.8
-100 123 99.8
-90 123 99.8
-80 123 99.8
-115 132 99.8
-105 132 99.8
-95 132 99.8
-85 132 99.8
-110 82.7 108
-100 82.7 108
-90 82.7 108
-115 91.3 108
-105 91.3 108
-95 91.3 108
-85 91.3 108
-120 100 108
-110 100 108
-100 100 108
-90 100 108
-80 100 108
-115 109 108
-105 109 108
-95 109 108
-85 109 108
-110 117 108
-100 117 108
-90 117 108
