30 90 40
30 100 30
30 100 40
30 100 50
30 110 40
40 80 20
40 80 30
40 80 40
40 80 50
40 80 60
40 90 20
40 90 30
40 90 40
40 90 50
40 90 60
40 100 20
40 100 30
40 100 40
40 100 50
40 100 60
40 110 20
40 110 30
40 110 40
40 110 50
40 110 60
40 120 20
40 120 30
40 120 40
40 120 50
40 120 60
50 70 20
50 70 30
50 70 40
50 70 50
50 70 60
50 80 10
50 80 20
50 80 30
50 80 40
50 80 50
50 80 60
50 80 70
50 90 10
50 90 20
50 90 30
50 90 40
50 90 50
50 90 60
50 90 70
50 100 10
50 100 20
50 100 30
50 100 40
50 100 50
50 100 60
50 100 70
50 110 10
50 110 20
50 110 30
50 110 40
50 110 50
50 110 60
50 110 70
50 120 10
50 120 20
50 120 30
50 120 40
50 120 50
50 120 60
50 120 70
50 130 20
50 130 30
50 130 40
50 130 50
50 130 60
60 60 40
60 70 20
60 70 30
60 70 40
60 70 50
60 70 60
60 80 10
60 80 20
60 80 30
60 80 40
60 80 50
60 80 60
60 80 70
60 90 10
60 90 20
60 90 30
60 90 40
60 90 50
60 90 60
60 90 70
60 100 0
60 100 10
60 100 20
60 100 30
60 100 40
60 100 50
60 100 60
60 100 70
60 100 80
60 110 10
60 110 20
60 110 30
60 110 40
60 110 50
60 110 60
60 110 70
60 120 10
60 120 20
60 120 30
60 120 40
60 120 50
60 120 60
60 120 70
60 130 20
60 130 30
60 130 40
60 130 50
60 130 60
60 140 40
70 60 30
70 60 40
70 60 50
70 70 20
70 70 30
70 70 40
70 70 50
70 70 60
70 80 10
70 80 20
70 80 30
70 80 40
70 80 50
70 80 60
70 80 70
70 90 0
70 90 10
70 90 20
70 90 30
70 90 40
70 90 50
70 90 60
70 90 70
70 90 80
70 100 0
70 100 10
70 100 20
70 100 30
70 100 40
70 100 50
70 100 60
70 100 70
70 100 80
70 110 0
70 110 10
70 110 20
70 110 30
70 110 40
70 110 50
70 110 60
70 110 70
70 110 80
70 120 10
70 120 20
70 120 30
70 120 40
70 120 50
70 120 60
70 120 70
70 130 20
70 130 30
70 130 40
70 130 50
70 130 60
70 140 30
70 140 40
70 140 50
80 60 30
80 60 40
80 60 50
80 70 20
80 70 30
80 70 40
80 70 50
80 70 60
80 80 10
80 80 20
80 80 30
80 80 40
80 80 50
80 80 60
80 80 70
80 90 0
80 90 10
80 90 20
80 90 30
80 90 40
80 90 50
80 90 60
80 90 70
80 90 80
80 100 0
80 100 10
80 100 20
80 100 30
80 100 40
80 100 50
80 100 60
80 100 70
80 100 80
80 110 0
80 110 10
80 110 20
80 110 30
80 110 40
80 110 50
80 110 60
80 110 70
80 110 80
80 120 10
80 120 20
80 120 30
80 120 40
80 120 50
80 120 60
80 120 70
80 130 20
80 130 30
80 130 40
80 130 50
80 130 60
80 140 30
80 140 40
80 140 50
90 60 30
90 60 40
90 60 50
90 70 20
90 70 30
90 70 40
90 70 50
90 70 60
90 80 10
90 80 20
90 80 30
90 80 40
90 80 50
90 80 60
90 80 70
90 90 0
90 90 10
90 90 20
90 90 30
90 90 40
90 90 50
90 90 60
90 90 70
90 90 80
90 100 0
90 100 10
90 100 20
90 100 30
90 100 40
90 100 50
90 100 60
90 100 70
90 100 80
90 110 0
90 110 10
90 110 20
90 110 30
90 110 40
90 110 50
90 110 60
90 110 70
90 110 80
90 120 10
90 120 20
90 120 30
90 120 40
90 120 50
90 120 60
90 120 70
90 130 20
90 130 30
90 130 40
90 130 50
90 130 60
90 140 30
90 140 40
90 140 50
100 60 30
100 60 40
100 60 50
100 70 20
100 70 30
100 70 40
100 70 50
100 70 60
100 80 10
100 80 20
100 80 30
100 80 40
100 80 50
100 80 60
100 80 70
100 90 0
100 90 10
100 90 20
100 90 30
100 90 40
100 90 50
100 90 60
100 90 70
100 90 80
100 100 0
100 100 10
100 100 20
100 100 30
100 100 40
100 100 50
100 100 60
100 100 70
100 100 80
100 110 0
100 110 10
100 110 20
100 110 30
100 110 40
100 110 50
100 110 60
100 110 70
100 110 80
100 120 10
100 120 20
100 120 30
100 120 40
100 120 50
100 120 60
100 120 70
100 130 20
100 130 30
100 130 40
100 130 50
100 130 60
100 140 30
100 140 40
100 140 50
110 60 30
110 60 40
110 60 50
110 70 20
110 70 30
110 70 40
110 70 50
110 70 60
110 80 10
110 80 20
110 80 30
110 80 40
110 80 50
110 80 60
110 80 70
110 90 0
110 90 10
110 90 20
110 90 30
110 90 40
110 90 50
110 90 60
110 90 70
110 90 80
110 100 0
110 100 10
110 100 20
110 100 30
110 100 40
110 100 50
110 100 60
110 100 70
110 100 80
110 110 0
110 110 10
110 110 20
110 110 30
110 110 40
110 110 50
110 110 60
110 110 70
110 110 80
110 120 10
110 120 20
110 120 30
110 120 40
110 120 50
110 120 60
110 120 70
110 130 20
110 130 30
110 130 40
110 130 50
110 130 60
110 140 30
110 140 40
110 140 50
120 60 30
120 60 40
120 60 50
120 70 20
120 70 30
120 70 40
120 70 50
120 70 60
120 80 10
120 80 20
120 80 30
120 80 40
120 80 50
120 80 60
120 80 70
120 90 0
120 90 10
120 90 20
120 90 30
120 90 40
120 90 50
120 90 60
120 90 70
120 90 80
120 100 0
120 100 10
120 100 20
120 100 30
120 100 40
120 100 50
120 100 60
120 100 70
120 100 80
120 110 0
120 110 10
120 110 20
120 110 30
120 110 40
120 110 50
120 110 60
120 110 70
120 110 80
120 120 10
120 120 20
120 120 30
120 120 40
120 120 50
120 120 60
120 120 70
120 130 20
120 130 30
120 130 40
120 130 50
120 130 60
120 140 30
120 140 40
120 140 50
130 60 30
130 60 40
130 60 50
130 70 20
130 70 30
130 70 40
130 70 50
130 70 60
130 80 10
130 80 20
130 80 30
130 80 40
130 80 50
130 80 60
130 80 70
130 90 0
130 90 10
130 90 20
130 90 30
130 90 40
130 90 50
130 90 60
130 90 70
130 90 80
130 100 0
130 100 10
130 100 20
130 100 30
130 100 40
130 100 50
130 100 60
130 100 70
130 100 80
130 110 0
130 110 10
130 110 20
130 110 30
130 110 40
130 110 50
130 110 60
130 110 70
130 110 80
130 120 10
130 120 20
130 120 30
130 120 40
130 120 50
130 120 60
130 120 70
130 130 20
130 130 30
130 130 40
130 130 50
130 130 60
130 140 30
130 140 40
130 140 50
140 60 30
140 60 40
140 60 50
140 70 20
140 70 30
140 70 40
140 70 50
140 70 60
140 80 10
140 80 20
140 80 30
140 80 40
140 80 50
140 80 60
140 80 70
140 90 0
140 90 10
140 90 20
140 90 30
140 90 40
140 90 50
140 90 60
140 90 70
140 90 80
140 100 0
140 100 10
140 100 20
140 100 30
140 100 40
140 100 50
140 100 60
140 100 70
140 100 80
140 110 0
140 110 10
140 110 20
140 110 30
140 110 40
140 110 50
140 110 60
140 110 70
140 110 80
140 120 10
140 120 20
140 120 30
140 120 40
140 120 50
140 120 60
140 120 70
140 130 20
140 130 30
140 130 40
140 130 50
140 130 60
140 140 30
140 140 40
140 140 50
150 60 30
150 60 40
150 60 50
150 70 20
150 70 30
150 70 40
150 70 50
150 70 60
150 80 10
150 80 20
150 80 30
150 80 40
150 80 50
150 80 60
150 80 70
150 90 0
150 90 10
150 90 20
150 90 30
150 90 40
150 90 50
150 90 60
150 90 70
150 90 80
150 100 0
150 100 10
150 100 20
150 100 30
150 100 40
150 100 50
150 100 60
150 100 70
150 100 80
150 110 0
150 110 10
150 110 20
150 110 30
150 110 40
150 110 50
150 110 60
150 110 70
150 110 80
150 120 10
150 120 20
150 120 30
150 120 40
150 120 50
150 120 60
150 120 70
150 130 20
150 130 30
150 130 40
150 130 50
150 130 60
150 140 30
150 140 40
150 140 50
160 60 30
160 60 40
160 60 50
160 70 20
160 70 30
160 70 40
160 70 50
160 70 60
160 80 10
160 80 20
160 80 30
160 80 40
160 80 50
160 80 60
160 80 70
160 90 0
160 90 10
160 90 20
160 90 30
160 90 40
160 90 50
160 90 60
160 90 70
160 90 80
160 100 0
160 100 10
160 100 20
160 100 30
160 100 40
160 100 50
160 100 60
160 100 70
160 100 80
160 110 0
160 110 10
160 110 20
160 110 30
160 110 40
160 110 50
160 110 60
160 110 70
160 110 80
160 120 10
160 120 20
160 120 30
160 120 40
160 120 50
160 120 60
160 120 70
160 130 20
160 130 30
160 130 40
160 130 50
160 130 60
160 140 30
160 140 40
160 140 50
170 60 30
170 60 40
170 60 50
170 70 20
170 70 30
170 70 40
170 70 50
170 70 60
170 80 10
170 80 20
170 80 30
170 80 40
170 80 50
170 80 60
170 80 70
170 90 0
170 90 10
170 90 20
170 90 30
170 90 40
170 90 50
170 90 60
170 90 70
170 90 80
170 100 0
170 100 10
170 100 20
170 100 30
170 100 40
170 100 50
170 100 60
170 100 70
170 100 80
170 110 0
170 110 10
170 110 20
170 110 30
170 110 40
170 110 50
170 110 60
170 110 70
170 110 80
170 120 10
170 120 20
170 120 30
170 120 40
170 120 50
170 120 60
170 120 70
170 130 20
170 130 30
170 130 40
170 130 50
170 130 60
170 140 30
170 140 40
170 140 50
180 60 30
180 60 40
180 60 50
180 70 20
180 70 30
180 70 40
180 70 50
180 70 60
180 80 10
180 80 20
180 80 30
180 80 40
180 80 50
180 80 60
180 80 70
180 90 0
180 90 10
180 90 20
180 90 30
180 90 40
180 90 50
180 90 60
180 90 70
180 90 80
180 100 0
180 100 10
180 100 20
180 100 30
180 100 40
180 100 50
180 100 60
180 100 70
180 100 80
180 110 0
180 110 10
180 110 20
180 110 30
180 110 40
180 110 50
180 110 60
180 110 70
180 110 80
180 120 10
180 120 20
180 120 30
180 120 40
180 120 50
180 120 60
180 120 70
180 130 20
180 130 30
180 130 40
180 130 50
180 130 60
180 140 30
180 140 40
180 140 50
190 60 30
190 60 40
190 60 50
190 70 20
190 70 30
190 70 40
190 70 50
190 70 60
190 80 10
190 80 20
190 80 30
190 80 40
190 80 50
190 80 60
190 80 70
190 90 0
190 90 10
190 90 20
190 90 30
190 90 40
190 90 50
190 90 60
190 90 70
190 90 80
190 100 0
190 100 10
190 100 20
190 100 30
190 100 40
190 100 50
190 100 60
190 100 70
190 100 80
190 110 0
190 110 10
190 110 20
190 110 30
190 110 40
190 110 50
190 110 60
190 110 70
190 110 80
190 120 10
190 120 20
190 120 30
190 120 40
190 120 50
190 120 60
190 120 70
190 130 20
190 130 30
190 130 40
190 130 50
190 130 60
190 140 30
190 140 40
190 140 50
200 60 30
200 60 40
200 60 50
200 70 20
200 70 30
200 70 40
200 70 50
200 70 60
200 80 10
200 80 20
200 80 30
200 80 40
200 80 50
200 80 60
200 80 70
200 90 0
200 90 10
200 90 20
200 90 30
200 90 40
200 90 50
200 90 60
200 90 70
200 90 80
200 100 0
200 100 10
200 100 20
200 100 30
200 100 40
200 100 50
200 100 60
200 100 70
200 100 80
200 110 0
200 110 10
200 110 20
200 110 30
200 110 40
200 110 50
200 110 60
200 110 70
200 110 80
200 120 10
200 120 20
200 120 30
200 120 40
200 120 50
200 120 60
200 120 70
200 130 20
200 130 30
200 130 40
200 130 50
200 130 60
200 140 30
200 140 40
200 140 50
210 60 30
210 60 40
210 60 50
210 70 20
210 70 30
210 70 40
210 70 50
210 70 60
210 80 10
210 80 20
210 80 30
210 80 40
210 80 50
210 80 60
210 80 70
210 90 0
210 90 10
210 90 20
210 90 30
210 90 40
210 90 50
210 90 60
210 90 70
210 90 80
210 100 0
210 100 10
210 100 20
210 100 30
210 100 40
210 100 50
210 100 60
210 100 70
210 100 80
210 110 0
210 110 10
210 110 20
210 110 30
210 110 40
210 110 50
210 110 60
210 110 70
210 110 80
210 120 10
210 120 20
210 120 30
210 120 40
210 120 50
210 120 60
210 120 70
210 130 20
210 130 30
210 130 40
210 130 50
210 130 60
210 140 30
210 140 40
210 140 50
220 60 40
220 70 20
220 70 30
220 70 40
220 70 50
220 70 60
220 80 10
220 80 20
220 80 30
220 80 40
220 80 50
220 80 60
220 80 70
220 90 10
220 90 20
220 90 30
220 90 40
220 90 50
220 90 60
220 90 70
220 100 0
220 100 10
220 100 20
220 100 30
220 100 40
220 100 50
220 100 60
220 100 70
220 100 80
220 110 10
220 110 20
220 110 30
220 110 40
220 110 50
220 110 60
220 110 70
220 120 10
220 120 20
220 120 30
220 120 40
220 120 50
220 120 60
220 120 70
220 130 20
220 130 30
220 130 40
220 130 50
220 130 60
220 140 40
230 70 20
230 70 30
230 70 40
230 70 50
230 70 60
230 80 10
230 80 20
230 80 30
230 80 40
230 80 50
230 80 60
230 80 70
230 90 10
230 90 20
230 90 30
230 90 40
230 90 50
230 90 60
230 90 70
230 100 10
230 100 20
230 100 30
230 100 40
230 100 50
230 100 60
230 100 70
230 110 10
230 110 20
230 110 30
230 110 40
230 110 50
230 110 60
230 110 70
230 120 10
230 120 20
230 120 30
230 120 40
230 120 50
230 120 60
230 120 70
230 130 20
230 130 30
230 130 40
230 130 50
230 130 60
240 80 20
240 80 30
240 80 40
240 80 50
240 80 60
240 90 20
240 90 30
240 90 40
240 90 50
240 90 60
240 100 20
240 100 30
240 100 40
240 100 50
240 100 60
240 110 20
240 110 30
240 110 40
240 110 50
240 110 60
240 120 20
240 120 30
240 120 40
240 120 50
240 120 60
250 90 40
250 100 30
250 100 40
250 100 50
250 110 40
-90 -176 0
-90 -176 10
-90 -176 20
-90 -176 30
-90 -176 40
-80 -176 0
-80 -176 10
-80 -176 20
-80 -176 30
-80 -176 40
-80 -166 0
-80 -166 10
-80 -166 20
-80 -166 30
-80 -166 40
-80 -156 0
-80 -156 10
-80 -156 20
-80 -156 30
-80 -156 40
-70 -176 0
-70 -176 10
-70 -176 20
-70 -176 30
-70 -176 40
-70 -166 0
-70 -166 10
-70 -166 20
-70 -166 30
-70 -166 40
-70 -156 0
-70 -156 10
-70 -156 20
-70 -156 30
-70 -156 40
-70 -146 0
-70 -146 10
-70 -146 20
-70 -146 30
-70 -146 40
-70 -136 0
-70 -136 10
-70 -136 20
-70 -136 30
-70 -136 40
-60 -176 0
-60 -176 10
-60 -176 20
-60 -176 30
-60 -176 40
-60 -166 0
-60 -166 10
-60 -166 20
-60 -166 30
-60 -166 40
-60 -156 0
-60 -156 10
-60 -156 20
-60 -156 30
-60 -156 40
-60 -146 0
-60 -146 10
-60 -146 20
-60 -146 30
-60 -146 40
-60 -136 0
-60 -136 10
-60 -136 20
-60 -136 30
-60 -136 40
-60 -126 0
-60 -126 10
-60 -126 20
-60 -126 30
-60 -126 40
-50 -176 0
-50 -176 10
-50 -176 20
-50 -176 30
-50 -176 40
-50 -166 0
-50 -166 10
-50 -166 20
-50 -166 30
-50 -166 40
-50 -156 0
-50 -156 10
-50 -156 20
-50 -156 30
-50 -156 40
-50 -146 0
-50 -146 10
-50 -146 20
-50 -146 30
-50 -146 40
-50 -136 0
-50 -136 10
-50 -136 20
-50 -136 30
-50 -136 40
-50 -126 0
-50 -126 10
-50 -126 20
-50 -126 30
-50 -126 40
-50 -116 0
-50 -116 10
-50 -116 20
-50 -116 30
-50 -116 40
-50 -106 0
-50 -106 10
-50 -106 20
-50 -106 30
-50 -106 40
-40 -176 0
-40 -176 10
-40 -176 20
-40 -176 30
-40 -176 40
-40 -166 0
-40 -166 10
-40 -166 20
-40 -166 30
-40 -166 40
-40 -156 0
-40 -156 10
-40 -156 20
-40 -156 30
-40 -156 40
-40 -146 0
-40 -146 10
-40 -146 20
-40 -146 30
-40 -146 40
-40 -136 0
-40 -136 10
-40 -136 20
-40 -136 30
-40 -136 40
-40 -126 0
-40 -126 10
-40 -126 20
-40 -126 30
-40 -126 40
-40 -116 0
-40 -116 10
-40 -116 20
-40 -116 30
-40 -116 40
-40 -106 0
-40 -106 10
-40 -106 20
-40 -106 30
-40 -106 40
-40 -96 0
-40 -96 10
-40 -96 20
-40 -96 30
-40 -96 40
-40 -86 0
-40 -86 10
-40 -86 20
-40 -86 30
-40 -86 40
-30 -176 0
-30 -176 10
-30 -176 20
-30 -176 30
-30 -176 40
-30 -166 0
-30 -166 10
-30 -166 20
-30 -166 30
-30 -166 40
-30 -156 0
-30 -156 10
-30 -156 20
-30 -156 30
-30 -156 40
-30 -146 0
-30 -146 10
-30 -146 20
-30 -146 30
-30 -146 40
-30 -136 0
-30 -136 10
-30 -136 20
-30 -136 30
-30 -136 40
-30 -126 0
-30 -126 10
-30 -126 20
-30 -126 30
-30 -126 40
-30 -116 0
-30 -116 10
-30 -116 20
-30 -116 30
-30 -116 40
-30 -106 0
-30 -106 10
-30 -106 20
-30 -106 30
-30 -106 40
-30 -96 0
-30 -96 10
-30 -96 20
-30 -96 30
-30 -96 40
-30 -86 0
-30 -86 10
-30 -86 20
-30 -86 30
-30 -86 40
-30 -76 0
-30 -76 10
-30 -76 20
-30 -76 30
-30 -76 40
-20 -176 0
-20 -176 10
-20 -176 20
-20 -176 30
-20 -176 40
-20 -166 0
-20 -166 10
-20 -166 20
-20 -166 30
-20 -166 40
-20 -156 0
-20 -156 10
-20 -156 20
-20 -156 30
-20 -156 40
-20 -146 0
-20 -146 10
-20 -146 20
-20 -146 30
-20 -146 40
-20 -136 0
-20 -136 10
-20 -136 20
-20 -136 30
-20 -136 40
-20 -126 0
-20 -126 10
-20 -126 20
-20 -126 30
-20 -126 40
-20 -116 0
-20 -116 10
-20 -116 20
-20 -116 30
-20 -116 40
-20 -106 0
-20 -106 10
-20 -106 20
-20 -106 30
-20 -106 40
-20 -96 0
-20 -96 10
-20 -96 20
-20 -96 30
-20 -96 40
-20 -86 0
-20 -86 10
-20 -86 20
-20 -86 30
-20 -86 40
-20 -76 0
-20 -76 10
-20 -76 20
-20 -76 30
-20 -76 40
-20 -66 0
-20 -66 10
-20 -66 20
-20 -66 30
-20 -66 40
-20 -56 0
-20 -56 10
-20 -56 20
-20 -56 30
-20 -56 40
-10 -176 0
-10 -176 10
-10 -176 20
-10 -176 30
-10 -176 40
-10 -166 0
-10 -166 10
-10 -166 20
-10 -166 30
-10 -166 40
-10 -156 0
-10 -156 10
-10 -156 20
-10 -156 30
-10 -156 40
-10 -146 0
-10 -146 10
-10 -146 20
-10 -146 30
-10 -146 40
-10 -136 0
-10 -136 10
-10 -136 20
-10 -136 30
-10 -136 40
-10 -126 0
-10 -126 10
-10 -126 20
-10 -126 30
-10 -126 40
-10 -116 0
-10 -116 10
-10 -116 20
-10 -116 30
-10 -116 40
-10 -106 0
-10 -106 10
-10 -106 20
-10 -106 30
-10 -106 40
-10 -96 0
-10 -96 10
-10 -96 20
-10 -96 30
-10 -96 40
-10 -86 0
-10 -86 10
-10 -86 20
-10 -86 30
-10 -86 40
-10 -76 0
-10 -76 10
-10 -76 20
-10 -76 30
-10 -76 40
-10 -66 0
-10 -66 10
-10 -66 20
-10 -66 30
-10 -66 40
-10 -56 0
-10 -56 10
-10 -56 20
-10 -56 30
-10 -56 40
-10 -46 0
-10 -46 10
-10 -46 20
-10 -46 30
-10 -46 40
-10 -36 0
-10 -36 10
-10 -36 20
-10 -36 30
-10 -36 40
0 -176 0
0 -176 10
0 -176 20
0 -176 30
0 -176 40
0 -166 0
0 -166 10
0 -166 20
0 -166 30
0 -166 40
0 -156 0
0 -156 10
0 -156 20
0 -156 30
0 -156 40
0 -146 0
0 -146 10
0 -146 20
0 -146 30
0 -146 40
0 -136 0
0 -136 10
0 -136 20
0 -136 30
0 -136 40
0 -126 0
0 -126 10
0 -126 20
0 -126 30
0 -126 40
0 -116 0
0 -116 10
0 -116 20
0 -116 30
0 -116 40
0 -106 0
0 -106 10
0 -106 20
0 -106 30
0 -106 40
0 -96 0
0 -96 10
0 -96 20
0 -96 30
0 -96 40
0 -86 0
0 -86 10
0 -86 20
0 -86 30
0 -86 40
0 -76 0
0 -76 10
0 -76 20
0 -76 30
0 -76 40
0 -66 0
0 -66 10
0 -66 20
0 -66 30
0 -66 40
0 -56 0
0 -56 10
0 -56 20
0 -56 30
0 -56 40
0 -46 0
0 -46 10
0 -46 20
0 -46 30
0 -46 40
0 -36 0
0 -36 10
0 -36 20
0 -36 30
0 -36 40
0 -26 0
0 -26 10
0 -26 20
0 -26 30
0 -26 40
0 -16 0
0 -16 10
0 -16 20
0 -16 30
0 -16 40
10 -176 0
10 -176 10
10 -176 20
10 -176 30
10 -176 40
10 -166 0
10 -166 10
10 -166 20
10 -166 30
10 -166 40
10 -156 0
10 -156 10
10 -156 20
10 -156 30
10 -156 40
10 -146 0
10 -146 10
10 -146 20
10 -146 30
10 -146 40
10 -136 0
10 -136 10
10 -136 20
10 -136 30
10 -136 40
10 -126 0
10 -126 10
10 -126 20
10 -126 30
10 -126 40
10 -116 0
10 -116 10
10 -116 20
10 -116 30
10 -116 40
10 -106 0
10 -106 10
10 -106 20
10 -106 30
10 -106 40
10 -96 0
10 -96 10
10 -96 20
10 -96 30
10 -96 40
10 -86 0
10 -86 10
10 -86 20
10 -86 30
10 -86 40
10 -76 0
10 -76 10
10 -76 20
10 -76 30
10 -76 40
10 -66 0
10 -66 10
10 -66 20
10 -66 30
10 -66 40
10 -56 0
10 -56 10
10 -56 20
10 -56 30
10 -56 40
10 -46 0
10 -46 10
10 -46 20
10 -46 30
10 -46 40
10 -36 0
10 -36 10
10 -36 20
10 -36 30
10 -36 40
20 -176 0
20 -176 10
20 -176 20
20 -176 30
20 -176 40
20 -166 0
20 -166 10
20 -166 20
20 -166 30
20 -166 40
20 -156 0
20 -156 10
20 -156 20
20 -156 30
20 -156 40
20 -146 0
20 -146 10
20 -146 20
20 -146 30
20 -146 40
20 -136 0
20 -136 10
20 -136 20
20 -136 30
20 -136 40
20 -126 0
20 -126 10
20 -126 20
20 -126 30
20 -126 40
20 -116 0
20 -116 10
20 -116 20
20 -116 30
20 -116 40
20 -106 0
20 -106 10
20 -106 20
20 -106 30
20 -106 40
20 -96 0
20 -96 10
20 -96 20
20 -96 30
20 -96 40
20 -86 0
20 -86 10
20 -86 20
20 -86 30
20 -86 40
20 -76 0
20 -76 10
20 -76 20
20 -76 30
20 -76 40
20 -66 0
20 -66 10
20 -66 20
20 -66 30
20 -66 40
20 -56 0
20 -56 10
20 -56 20
20 -56 30
20 -56 40
30 -176 0
30 -176 10
30 -176 20
30 -176 30
30 -176 40
30 -166 0
30 -166 10
30 -166 20
30 -166 30
30 -166 40
30 -156 0
30 -156 10
30 -156 20
30 -156 30
30 -156 40
30 -146 0
30 -146 10
30 -146 20
30 -146 30
30 -146 40
30 -136 0
30 -136 10
30 -136 20
30 -136 30
30 -136 40
30 -126 0
30 -126 10
30 -126 20
30 -126 30
30 -126 40
30 -116 0
30 -116 10
30 -116 20
30 -116 30
30 -116 40
30 -106 0
30 -106 10
30 -106 20
30 -106 30
30 -106 40
30 -96 0
30 -96 10
30 -96 20
30 -96 30
30 -96 40
30 -86 0
30 -86 10
30 -86 20
30 -86 30
30 -86 40
30 -76 0
30 -76 10
30 -76 20
30 -76 30
30 -76 40
40 -176 0
40 -176 10
40 -176 20
40 -176 30
40 -176 40
40 -166 0
40 -166 10
40 -166 20
40 -166 30
40 -166 40
40 -156 0
40 -156 10
40 -156 20
40 -156 30
40 -156 40
40 -146 0
40 -146 10
40 -146 20
40 -146 30
40 -146 40
40 -136 0
40 -136 10
40 -136 20
40 -136 30
40 -136 40
40 -126 0
40 -126 10
40 -126 20
40 -126 30
40 -126 40
40 -116 0
40 -116 10
40 -116 20
40 -116 30
40 -116 40
40 -106 0
40 -106 10
40 -106 20
40 -106 30
40 -106 40
40 -96 0
40 -96 10
40 -96 20
40 -96 30
40 -96 40
40 -86 0
40 -86 10
40 -86 20
40 -86 30
40 -86 40
50 -176 0
50 -176 10
50 -176 20
50 -176 30
50 -176 40
50 -166 0
50 -166 10
50 -166 20
50 -166 30
50 -166 40
50 -156 0
50 -156 10
50 -156 20
50 -156 30
50 -156 40
50 -146 0
50 -146 10
50 -146 20
50 -146 30
50 -146 40
50 -136 0
50 -136 10
50 -136 20
50 -136 30
50 -136 40
50 -126 0
50 -126 10
50 -126 20
50 -126 30
50 -126 40
50 -116 0
50 -116 10
50 -116 20
50 -116 30
50 -116 40
50 -106 0
50 -106 10
50 -106 20
50 -106 30
50 -106 40
60 -176 0
60 -176 10
60 -176 20
60 -176 30
60 -176 40
60 -166 0
60 -166 10
60 -166 20
60 -166 30
60 -166 40
60 -156 0
60 -156 10
60 -156 20
60 -156 30
60 -156 40
60 -146 0
60 -146 10
60 -146 20
60 -146 30
60 -146 40
60 -136 0
60 -136 10
60 -136 20
60 -136 30
60 -136 40
60 -126 0
60 -126 10
60 -126 20
60 -126 30
60 -126 40
70 -176 0
70 -176 10
70 -176 20
70 -176 30
70 -176 40
70 -166 0
70 -166 10
70 -166 20
70 -166 30
70 -166 40
70 -156 0
70 -156 10
70 -156 20
70 -156 30
70 -156 40
70 -146 0
70 -146 10
70 -146 20
70 -146 30
70 -146 40
70 -136 0
70 -136 10
70 -136 20
70 -136 30
70 -136 40
80 -176 0
80 -176 10
80 -176 20
80 -176 30
80 -176 40
80 -166 0
80 -166 10
80 -166 20
80 -166 30
80 -166 40
80 -156 0
80 -156 10
80 -156 20
80 -156 30
80 -156 40
90 -176 0
90 -176 10
90 -176 20
90 -176 30
90 -176 40
-150 80 50
-150 90 40
-150 90 50
-150 90 60
-150 100 30
-150 100 40
-150 100 50
-150 100 60
-150 100 70
-150 110 40
-150 110 50
-150 110 60
-150 120 50
-140 70 30
-140 70 40
-140 70 50
-140 70 60
-140 70 70
-140 80 20
-140 80 30
-140 80 40
-140 80 50
-140 80 60
-140 80 70
-140 80 80
-140 90 20
-140 90 30
-140 90 40
-140 90 50
-140 90 60
-140 90 70
-140 90 80
-140 100 20
-140 100 30
-140 100 40
-140 100 50
-140 100 60
-140 100 70
-140 100 80
-140 110 20
-140 110 30
-140 110 40
-140 110 50
-140 110 60
-140 110 70
-140 110 80
-140 120 20
-140 120 30
-140 120 40
-140 120 50
-140 120 60
-140 120 70
-140 120 80
-140 130 30
-140 130 40
-140 130 50
-140 130 60
-140 130 70
-130 60 30
-130 60 40
-130 60 50
-130 60 60
-130 60 70
-130 70 20
-130 70 30
-130 70 40
-130 70 50
-130 70 60
-130 70 70
-130 70 80
-130 80 10
-130 80 20
-130 80 30
-130 80 40
-130 80 50
-130 80 60
-130 80 70
-130 80 80
-130 80 90
-130 90 10
-130 90 20
-130 90 30
-130 90 40
-130 90 50
-130 90 60
-130 90 70
-130 90 80
-130 90 90
-130 100 10
-130 100 20
-130 100 30
-130 100 40
-130 100 50
-130 100 60
-130 100 70
-130 100 80
-130 100 90
-130 110 10
-130 110 20
-130 110 30
-130 110 40
-130 110 50
-130 110 60
-130 110 70
-130 110 80
-130 110 90
-130 120 10
-130 120 20
-130 120 30
-130 120 40
-130 120 50
-130 120 60
-130 120 70
-130 120 80
-130 120 90
-130 130 20
-130 130 30
-130 130 40
-130 130 50
-130 130 60
-130 130 70
-130 130 80
-130 140 30
-130 140 40
-130 140 50
-130 140 60
-130 140 70
-120 50 50
-120 60 20
-120 60 30
-120 60 40
-120 60 50
-120 60 60
-120 60 70
-120 60 80
-120 70 10
-120 70 20
-120 70 30
-120 70 40
-120 70 50
-120 70 60
-120 70 70
-120 70 80
-120 70 90
-120 80 10
-120 80 20
-120 80 30
-120 80 40
-120 80 50
-120 80 60
-120 80 70
-120 80 80
-120 80 90
-120 90 10
-120 90 20
-120 90 30
-120 90 40
-120 90 50
-120 90 60
-120 90 70
-120 90 80
-120 90 90
-120 100 0
-120 100 10
-120 100 20
-120 100 30
-120 100 40
-120 100 50
-120 100 60
-120 100 70
-120 100 80
-120 100 90
-120 100 100
-120 110 10
-120 110 20
-120 110 30
-120 110 40
-120 110 50
-120 110 60
-120 110 70
-120 110 80
-120 110 90
-120 120 10
-120 120 20
-120 120 30
-120 120 40
-120 120 50
-120 120 60
-120 120 70
-120 120 80
-120 120 90
-120 130 10
-120 130 20
-120 130 30
-120 130 40
-120 130 50
-120 130 60
-120 130 70
-120 130 80
-120 130 90
-120 140 20
-120 140 30
-120 140 40
-120 140 50
-120 140 60
-120 140 70
-120 140 80
-120 150 50
-110 50 40
-110 50 50
-110 50 60
-110 60 20
-110 60 30
-110 60 40
-110 60 50
-110 60 60
-110 60 70
-110 60 80
-110 70 10
-110 70 20
-110 70 30
-110 70 40
-110 70 50
-110 70 60
-110 70 70
-110 70 80
-110 70 90
-110 80 10
-110 80 20
-110 80 30
-110 80 40
-110 80 50
-110 80 60
-110 80 70
-110 80 80
-110 80 90
-110 90 0
-110 90 10
-110 90 20
-110 90 30
-110 90 40
-110 90 50
-110 90 60
-110 90 70
-110 90 80
-110 90 90
-110 90 100
-110 100 0
-110 100 10
-110 100 20
-110 100 30
-110 100 40
-110 100 50
-110 100 60
-110 100 70
-110 100 80
-110 100 90
-110 100 100
-110 110 0
-110 110 10
-110 110 20
-110 110 30
-110 110 40
-110 110 50
-110 110 60
-110 110 70
-110 110 80
-110 110 90
-110 110 100
-110 120 10
-110 120 20
-110 120 30
-110 120 40
-110 120 50
-110 120 60
-110 120 70
-110 120 80
-110 120 90
-110 130 10
-110 130 20
-110 130 30
-110 130 40
-110 130 50
-110 130 60
-110 130 70
-110 130 80
-110 130 90
-110 140 20
-110 140 30
-110 140 40
-110 140 50
-110 140 60
-110 140 70
-110 140 80
-110 150 40
-110 150 50
-110 150 60
-100 50 30
-100 50 40
-100 50 50
-100 50 60
-100 50 70
-100 60 20
-100 60 30
-100 60 40
-100 60 50
-100 60 60
-100 60 70
-100 60 80
-100 70 10
-100 70 20
-100 70 30
-100 70 40
-100 70 50
-100 70 60
-100 70 70
-100 70 80
-100 70 90
-100 80 0
-100 80 10
-100 80 20
-100 80 30
-100 80 40
-100 80 50
-100 80 60
-100 80 70
-100 80 80
-100 80 90
-100 80 100
-100 90 0
-100 90 10
-100 90 20
-100 90 30
-100 90 40
-100 90 50
-100 90 60
-100 90 70
-100 90 80
-100 90 90
-100 90 100
-100 100 0
-100 100 10
-100 100 20
-100 100 30
-100 100 40
-100 100 50
-100 100 60
-100 100 70
-100 100 80
-100 100 90
-100 100 100
-100 110 0
-100 110 10
-100 110 20
-100 110 30
-100 110 40
-100 110 50
-100 110 60
-100 110 70
-100 110 80
-100 110 90
-100 110 100
-100 120 0
-100 120 10
-100 120 20
-100 120 30
-100 120 40
-100 120 50
-100 120 60
-100 120 70
-100 120 80
-100 120 90
-100 120 100
-100 130 10
-100 130 20
-100 130 30
-100 130 40
-100 130 50
-100 130 60
-100 130 70
-100 130 80
-100 130 90
-100 140 20
-100 140 30
-100 140 40
-100 140 50
-100 140 60
-100 140 70
-100 140 80
-100 150 30
-100 150 40
-100 150 50
-100 150 60
-100 150 70
-90 50 40
-90 50 50
-90 50 60
-90 60 20
-90 60 30
-90 60 40
-90 60 50
-90 60 60
-90 60 70
-90 60 80
-90 70 10
-90 70 20
-90 70 30
-90 70 40
-90 70 50
-90 70 60
-90 70 70
-90 70 80
-90 70 90
-90 80 10
-90 80 20
-90 80 30
-90 80 40
-90 80 50
-90 80 60
-90 80 70
-90 80 80
-90 80 90
-90 90 0
-90 90 10
-90 90 20
-90 90 30
-90 90 40
-90 90 50
-90 90 60
-90 90 70
-90 90 80
-90 90 90
-90 90 100
-90 100 0
-90 100 10
-90 100 20
-90 100 30
-90 100 40
-90 100 50
-90 100 60
-90 100 70
-90 100 80
-90 100 90
-90 100 100
-90 110 0
-90 110 10
-90 110 20
-90 110 30
-90 110 40
-90 110 50
-90 110 60
-90 110 70
-90 110 80
-90 110 90
-90 110 100
-90 120 10
-90 120 20
-90 120 30
-90 120 40
-90 120 50
-90 120 60
-90 120 70
-90 120 80
-90 120 90
-90 130 10
-90 130 20
-90 130 30
-90 130 40
-90 130 50
-90 130 60
-90 130 70
-90 130 80
-90 130 90
-90 140 20
-90 140 30
-90 140 40
-90 140 50
-90 140 60
-90 140 70
-90 140 80
-90 150 40
-90 150 50
-90 150 60
-80 50 50
-80 60 20
-80 60 30
-80 60 40
-80 60 50
-80 60 60
-80 60 70
-80 60 80
-80 70 10
-80 70 20
-80 70 30
-80 70 40
-80 70 50
-80 70 60
-80 70 70
-80 70 80
-80 70 90
-80 80 10
-80 80 20
-80 80 30
-80 80 40
-80 80 50
-80 80 60
-80 80 70
-80 80 80
-80 80 90
-80 90 10
-80 90 20
-80 90 30
-80 90 40
-80 90 50
-80 90 60
-80 90 70
-80 90 80
-80 90 90
-80 100 0
-80 100 10
-80 100 20
-80 100 30
-80 100 40
-80 100 50
-80 100 60
-80 100 70
-80 100 80
-80 100 90
-80 100 100
-80 110 10
-80 110 20
-80 110 30
-80 110 40
-80 110 50
-80 110 60
-80 110 70
-80 110 80
-80 110 90
-80 120 10
-80 120 20
-80 120 30
-80 120 40
-80 120 50
-80 120 60
-80 120 70
-80 120 80
-80 120 90
-80 130 10
-80 130 20
-80 130 30
-80 130 40
-80 130 50
-80 130 60
-80 130 70
-80 130 80
-80 130 90
-80 140 20
-80 140 30
-80 140 40
-80 140 50
-80 140 60
-80 140 70
-80 140 80
-80 150 50
-70 60 30
-70 60 40
-70 60 50
-70 60 60
-70 60 70
-70 70 20
-70 70 30
-70 70 40
-70 70 50
-70 70 60
-70 70 70
-70 70 80
-70 80 10
-70 80 20
-70 80 30
-70 80 40
-70 80 50
-70 80 60
-70 80 70
-70 80 80
-70 80 90
-70 90 10
-70 90 20
-70 90 30
-70 90 40
-70 90 50
-70 90 60
-70 90 70
-70 90 80
-70 90 90
-70 100 10
-70 100 20
-70 100 30
-70 100 40
-70 100 50
-70 100 60
-70 100 70
-70 100 80
-70 100 90
-70 110 10
-70 110 20
-70 110 30
-70 110 40
-70 110 50
-70 110 60
-70 110 70
-70 110 80
-70 110 90
-70 120 10
-70 120 20
-70 120 30
-70 120 40
-70 120 50
-70 120 60
-70 120 70
-70 120 80
-70 120 90
-70 130 20
-70 130 30
-70 130 40
-70 130 50
-70 130 60
-70 130 70
-70 130 80
-70 140 30
-70 140 40
-70 140 50
-70 140 60
-70 140 70
-60 70 30
-60 70 40
-60 70 50
-60 70 60
-60 70 70
-60 80 20
-60 80 30
-60 80 40
-60 80 50
-60 80 60
-60 80 70
-60 80 80
-60 90 20
-60 90 30
-60 90 40
-60 90 50
-60 90 60
-60 90 70
-60 90 80
-60 100 20
-60 100 30
-60 100 40
-60 100 50
-60 100 60
-60 100 70
-60 100 80
-60 110 20
-60 110 30
-60 110 40
-60 110 50
-60 110 60
-60 110 70
-60 110 80
-60 120 20
-60 120 30
-60 120 40
-60 120 50
-60 120 60
-60 120 70
-60 120 80
-60 130 30
-60 130 40
-60 130 50
-60 130 60
-60 130 70
-50 80 50
-50 90 40
-50 90 50
-50 90 60
-50 100 30
-50 100 40
-50 100 50
-50 100 60
-50 100 70
-50 110 40
-50 110 50
-50 110 60
-50 120 50
